346	20311
2742	27137
3406	32337
4287	36550
4877	42616
1681	18065
1702	19825
653	20636
1842	16480
2999	29223
2754	27145
2334	28768
2120	26703
2145	25760
3096	26451
2747	27140
1878	23681
3142	27408
3299	33064
3223	29406
3328	34766
3927	31072
3291	32222
3763	30052
3419	34854
3226	35534
3181	29347
4449	38340
4364	37713
4540	40687
4223	40413
4476	38361
4475	36727
4196	36467
4191	37582
4788	43016
4765	41477
4984	44748
5065	42791
5618	47597
5476	47035
5296	46395
5498	47057
5271	46875
5954	49346
5983	48818
6372	49694
5990	49979
5929	52224
6733	54441
6549	55034
6711	53396
7013	54998
6520	53626
6639	54746
7341	56925
7248	56383
7068	56504
7614	57358
7391	57120
7334	56214
7252	56725
7342	56582
1682	9218
1348	19527
1313	8919
1658	9206
1609	14527
128	14848
1195	12342
1139	19315
1727	11064
724	8318
471	18677
1080	21013
107	14832
837	13845
747	11893
613	11773
279	16753
752	11897
1264	21188
600	9932
1445	12604
1167	21093
1106	12244
508	16992
742	18935
748	20721
1824	18218
325	20293
736	11876
1174	19344
354	16823
391	20361
1048	12187
109	11299
1797	16450
952	20886
522	9857
1833	12966
1240	10605
239	16718
1487	16156
1684	18072
964	20911
1726	21585
422	11589
356	16825
490	9829
1262	19421
1400	12571
1815	16460
438	8041
617	18822
1018	14014
1157	12308
665	18882
80	9434
1436	14394
620	20597
2290	25854
3043	23576
2168	22939
2268	23980
2753	23359
3057	22622
2288	22032
2654	28987
3024	25454
2791	27167
2675	29008
2936	27264
1983	24710
3025	28310
2594	26083
1908	24663
2926	23497
1914	27463
3084	29271
2469	24139
2060	25699
2117	27596
2370	25914
2671	29003
2604	26087
2049	27552
2296	22035
1972	21789
3050	29250
3145	26480
2142	24839
2297	24951
2566	27954
2687	26153
2784	22417
2584	24244
2578	23239
1861	27431
1948	25611
2259	23647
2670	29001
2317	26824
2714	23338
3048	25464
2685	25207
3102	28369
2185	23909
3238	32152
3803	33587
3780	32723
3576	33358
3551	32490
3579	35886
3287	34723
3494	34112
3656	33448
3193	30290
3633	34247
3359	29568
3516	34133
3411	33197
3774	30066
3762	30048
3888	31028
3391	34003
3521	32451
3846	32794
3834	36161
3885	33674
3374	31361
3821	30119
3680	35136
3154	31123
3253	32178
3571	30671
3644	32589
3743	30891
3859	36192
3182	34597
3794	30093
3244	33005
3580	35887
3566	30665
3306	32242
3399	33182
3589	34197
3187	35488
4429	37764
4230	36499
4508	40106
4001	36324
4165	37041
4353	39431
4347	38834
4439	40598
4337	37691
4385	37728
4106	36402
4219	37080
4592	36824
4359	37708
4058	36366
4308	38211
4354	40524
4609	39655
4350	40516
4499	37818
4120	38056
3976	36294
4329	36588
4181	36455
4366	39441
4260	37117
4556	37349
4616	40191
4036	37979
4102	37510
4079	38592
4917	41645
5093	43862
4631	42863
5095	43334
4885	41029
4751	44498
4799	41511
5041	43808
4919	42162
5122	42844
4858	43591
4701	40821
4718	40841
4819	44081
4929	41086
4884	42623
4666	41897
5018	42253
4772	40895
5086	43324
4963	43210
4815	40941
4699	44441
4624	44354
5036	44787
4965	42198
4707	44456
5531	48487
5264	48255
5289	46889
5228	46840
5148	47246
5560	48031
5385	46467
5583	46640
5535	46107
5670	46211
5537	46109
5312	48295
5655	46203
5143	46275
5471	47034
5298	45929
5571	47560
5318	45025
5457	47944
5365	45514
5140	48172
5350	45049
5368	48328
5518	46590
5386	46468
5675	47195
5510	48463
5467	45117
5357	45970
5680	46708
5384	48343
5342	46429
5474	48420
5679	48118
5306	46897
5263	47341
5538	48008
5570	45665
6196	49561
5875	49297
6472	53241
5980	51678
6024	49415
5976	48813
5751	52117
5814	52157
6366	51399
5874	49296
5951	52815
5905	50492
6067	48877
6093	48898
6202	50150
6080	52929
6174	50123
5996	49985
5949	49940
5900	52787
5930	50516
6334	51994
6473	52638
6317	53128
5935	52231
6245	50183
6261	53072
5994	49396
5977	52845
6043	52309
6440	52067
6055	50601
5848	49265
5765	49207
6216	53030
6419	53205
6030	52302
6004	50572
5788	49222
6239	50743
6353	50252
5791	50399
5892	51046
6330	53137
6275	51347
6352	53147
5880	50467
6357	50831
6026	51723
5794	51536
6456	50340
6432	52056
6034	50015
5952	52237
5800	50402
6119	50657
6313	49646
6342	52543
6842	55970
6514	53622
6827	55604
6860	54183
6836	53825
6838	54518
6532	55026
6753	54452
6800	53802
6515	55750
6643	54038
6635	55089
6966	53909
6965	53908
6556	55421
6735	53418
6569	55790
6505	55742
6784	53790
6627	55468
6923	53873
6675	53368
6855	54898
6677	54055
6641	53346
6601	55448
6760	54102
6945	56053
6895	55285
6742	55542
6889	54560
6555	54691
6947	53899
6651	54042
6602	54722
6908	54927
6972	55687
6781	55207
6723	54430
6730	55160
6988	55703
6885	54918
6687	55503
6580	55438
6967	53910
6516	55399
6559	55775
6513	54674
6890	53521
6519	55752
6820	55235
7171	56870
7405	56234
7541	56270
7523	56628
7606	56295
7225	57072
7333	56578
7191	56174
7487	57156
7170	56701
7431	56607
7218	56547
7230	56888
7557	56985
7212	56543
7603	56998
7545	57172
7377	57487
7031	56309
7336	57099
7296	57090
7585	56290
7184	57241
7253	56726
7547	57346
7365	57289
7185	56874
7580	57183
7516	57163
7389	57119
7565	56469
7279	56561
7358	56413
7079	56138
7570	56287
7053	56316
7443	56434
7109	56857
7558	56818
594	11763
537	20515
1544	12676
1743	11089
1746	19864
1485	10845
996	17453
385	15061
879	17347
1446	17868
762	10108
1084	10443
1599	10915
1176	17615
32	19997
1589	16236
918	19100
218	11388
1054	10418
749	20722
434	11605
1223	21149
1094	14076
274	18501
1507	19644
754	8347
1347	16017
1027	15692
1220	19375
1188	14170
317	13300
1214	17647
1814	19932
377	16848
1133	19306
296	13278
957	8549
89	20053
257	18488
1172	15838
180	11357
1137	19309
87	20051
726	20699
850	12009
707	17192
734	18928
1005	19206
1204	21129
1040	17489
1395	16064
1501	14436
340	13329
767	20729
842	13853
1009	20952
1409	16083
384	9694
885	13875
854	20795
1384	8981
1482	21387
94	13080
506	15181
887	15572
1332	19512
898	10265
1457	17876
614	8209
1500	14435
178	11356
577	13569
1187	19355
1662	19779
1611	16258
1838	18228
573	15249
1768	16422
63	11262
111	16600
1766	21616
477	20450
1298	10675
685	13679
1039	15707
1318	19502
287	9614
22	11226
187	9520
210	13199
1529	14461
990	12149
1190	12337
1312	17761
1285	19464
315	20283
574	9910
1823	12958
98	16584
188	11363
1154	21082
27	9384
1671	21534
772	13772
588	8186
1336	10708
711	13704
1326	17775
786	10146
1608	21478
386	15062
731	10070
1677	16326
1098	15762
1549	21433
1828	19942
924	13917
647	9989
102	11290
1843	21690
1543	14469
222	11395
782	18981
1443	19605
1066	14050
864	15548
818	8432
101	18343
288	9617
1509	14445
328	13316
813	8423
1456	19612
1651	9201
1452	17873
157	13151
1278	8869
376	16844
1455	10817
922	15607
1410	10793
592	11758
904	13896
242	16721
1205	8773
256	14972
684	10028
751	17226
195	20145
1281	17730
343	18559
787	13790
1181	21104
265	16740
1218	10581
610	17095
383	16852
371	15048
228	20201
403	9722
183	7807
86	18329
1192	8760
1251	15915
1708	12859
253	14970
1592	12724
1236	14204
1813	16459
865	10226
1639	10984
984	15658
631	9976
140	16631
428	15105
655	15344
1170	21097
1699	19822
1811	12945
105	11293
259	11427
1026	10393
1850	9354
47	20016
757	17231
278	18502
822	13822
1288	12466
1051	8640
737	20709
1664	11010
1099	12237
1448	10811
418	13405
954	12106
443	20409
1308	21238
959	19151
869	15551
50	14771
160	9499
1720	18119
1124	21053
1434	16107
809	8417
16	14744
3	11209
1404	10782
1729	21586
538	13531
1419	10798
1747	12885
147	20101
760	11904
703	17190
127	7754
939	13929
1757	9279
586	13576
1021	20961
1603	21475
659	15351
965	15638
1437	12599
968	12129
719	20693
790	10153
224	14934
447	15127
867	20806
1852	18248
245	11410
1121	12260
412	9737
104	16593
415	18622
2038	23793
2787	27165
2876	29139
2752	29060
1936	25606
2044	24757
1900	21750
2600	24256
2103	23851
2065	21865
2607	27989
2026	21831
2960	23524
2457	25064
2299	24952
2968	27282
2958	24495
1881	25560
2163	22937
2096	21894
2445	22152
2917	29171
2424	26899
2965	27278
1935	21764
2801	27180
2993	25435
3066	28340
3148	25532
2531	28908
1934	28463
3002	22581
1867	21728
3008	29235
2053	23806
2081	21879
2846	29117
2541	27013
2678	26143
1945	24678
2621	22300
2650	22325
1996	22785
2461	25982
1991	26587
2592	27045
2433	22130
2662	24294
2427	27812
2680	29011
2995	25437
2490	26000
3000	28296
2764	22400
2132	28623
2219	23937
1885	28427
2709	29036
2879	29142
2513	27921
1973	28493
2567	24228
2361	25907
2420	27809
2267	25841
2085	25717
2212	26773
2702	28058
2176	23901
2193	28672
2464	25985
2194	22956
2659	23299
2563	24222
3140	22668
1970	27492
2244	23955
2812	26249
2825	28156
1962	27490
2673	23311
3040	27343
1904	21753
3074	22633
2462	27853
2821	24395
1959	27489
2384	23077
2572	26069
2104	25732
3013	28303
2588	28950
2914	29169
3094	22637
2331	25880
2674	24309
2511	22225
2056	22851
2360	26861
2888	27233
2173	25781
3106	23613
2748	26198
2006	27518
1860	21716
2129	25746
2954	25410
2826	27193
2897	25370
2939	22531
2266	24924
2827	26262
2691	29020
2610	22292
3053	25468
2823	24400
2366	25003
2780	25277
2649	28986
2679	22341
2010	27523
2274	27705
2905	27244
2099	24804
1894	24653
2718	28072
2146	28631
3134	24611
2548	26043
2043	28546
2109	28608
2444	26921
2425	27811
2128	23863
2052	28556
1981	26581
2539	22246
2694	27104
2790	24378
2559	23221
2744	23351
2021	25662
2400	26886
2338	24047
2409	24094
2225	21990
3075	25486
3139	23637
2545	27944
2683	22344
2450	28839
3070	22631
2272	23001
2412	25026
2431	26903
3004	27315
2423	23102
3119	24602
2203	23926
2810	27181
2314	25868
1949	25613
2410	24095
2465	23145
3003	24526
2766	26215
2180	23904
1951	27480
1862	27433
2368	25911
2491	28873
2684	25206
2591	24250
3097	26452
2666	22332
2302	27726
1907	27460
2705	22363
2030	26614
1863	27434
2955	23519
2886	28207
2781	25278
1910	23698
2602	26086
3068	28341
3114	29285
2042	28545
2852	23445
2134	28624
2837	22451
1975	21791
2402	27798
2640	26110
2947	26346
2514	25100
2900	28216
2040	25679
2311	27730
1967	26570
1928	27467
2200	21975
1882	23684
2093	27583
2586	23246
3009	22590
2648	28028
2989	25425
1909	21755
3061	28332
2623	28967
3027	22602
2486	25083
2804	28137
2656	24289
2864	29132
3143	22669
2655	24287
2535	25121
2925	28233
2443	28833
2713	28068
2158	26728
2441	22146
2996	28292
3030	25458
2834	23430
2148	28634
2352	24055
2369	28789
2661	26126
2051	26639
3133	28388
2867	23455
2177	25784
2054	26644
2553	25134
2413	22117
2887	28208
2520	27928
2087	25718
2828	24415
2232	27672
2265	23976
2442	28832
2577	28942
2419	27805
2196	21970
2777	29075
1924	21759
2348	26848
2847	27207
2363	28787
2178	22944
2312	26823
2269	25842
2651	26118
1896	27455
2262	22992
2808	22427
3147	28396
2068	23827
2635	25187
3029	23568
2154	23881
1976	21792
2724	28074
2788	23387
2275	24934
2906	28221
2404	22111
2733	23348
2210	28684
2204	28679
2817	25306
3092	24586
3128	26469
2072	28579
2166	21953
2626	22305
2179	25786
2252	24916
2720	26183
1855	28402
2090	25719
2932	28240
2613	28961
2771	26223
2071	28577
2977	23534
2033	28542
2998	24521
3046	26412
2167	26739
2723	29043
2636	22314
2383	22096
2165	27625
1898	25574
2067	21871
3127	23625
3109	25503
2500	22217
2729	22383
1899	22719
3069	26424
1906	23697
2918	29172
2002	22795
1857	25536
2997	28293
2326	27744
3015	27323
1997	21814
2970	29200
2467	28855
2631	27063
2734	27129
3103	25500
1946	23719
2227	23941
1980	25627
2388	24078
2079	22873
2416	23098
2570	27030
2736	29053
2833	28163
2279	23995
1968	26573
2218	25810
2105	25733
2877	25364
2552	24208
2874	25359
2211	28685
2913	23492
3054	26421
2994	22577
2108	24809
2241	23953
2556	27021
3116	29287
2625	22306
2704	26173
2911	23490
2854	28183
2807	25295
2094	23842
2389	24079
2912	25380
2907	26325
3001	27311
2374	23072
2956	26353
1915	26529
1879	23682
2627	22307
2298	26820
2880	27230
2243	22001
2875	25360
2983	27295
2785	24377
2484	27880
3099	23607
2359	28785
1911	28442
3131	23632
3146	25531
2934	27263
2765	26213
2479	25993
3047	22615
2622	26098
2501	27908
2593	27982
2343	23050
1925	21760
2494	22205
2657	28989
2681	23315
2350	25898
2036	27544
2394	25013
2851	22471
1994	27509
1963	23731
2750	27142
2803	25288
3122	28380
3098	29274
3060	23585
2437	25052
2980	22560
2398	22108
2091	22881
2992	26380
2240	22979
1974	27494
2238	21999
2222	23939
2381	25922
2110	28610
2770	26224
2619	27058
2351	22076
2354	26853
2862	27218
2949	23515
2878	22496
2772	23375
2347	28779
2978	26370
2927	25390
3135	25528
2849	25329
3141	28392
2832	23429
2637	23280
2426	25037
2769	25269
1868	25553
2395	24085
2273	28727
2291	23015
3036	26405
2483	22193
2710	27112
2892	27235
2294	23016
2447	27839
2393	25928
2975	24504
1930	22735
2118	21913
2497	22214
2102	23848
1918	22728
2162	25772
2325	22054
2516	22230
2032	24748
2150	25764
2634	28017
2664	22330
2981	28278
2624	23268
2355	24993
2959	26358
1870	24641
2589	23249
3883	35343
3234	33833
3570	32501
3347	29542
3375	33150
3662	29935
3417	33204
3745	35205
3215	31195
3583	31583
3378	33995
3922	33722
3603	34210
3595	32523
3870	34470
3788	36116
3651	29920
3527	30620
3280	29473
3801	36130
3382	32318
3815	36148
3756	32697
3574	30675
3348	33115
3435	34047
3687	30823
3295	30391
3910	34501
3553	34174
3681	36003
3200	34620
3751	35220
3345	32272
3285	33047
3179	34588
3337	32267
3873	36203
3268	33034
3831	30978
3402	33190
3430	29650
3585	29825
3584	35889
3606	32536
3819	36151
3224	29408
3639	29904
3489	32419
3856	35317
3176	32925
3729	31769
3514	30609
3607	29854
3750	31801
4061	38002
3991	37395
4478	36731
4125	36419
4465	38940
4463	36715
4445	38332
4240	38146
4052	39742
4557	36805
4567	38463
4320	39399
3980	36300
4288	38784
4378	38287
4171	37569
4566	40147
4494	37297
3999	37402
4048	36360
4547	40134
4590	40721
4580	39045
5050	41767
4855	42082
4763	41996
4810	43551
4784	42016
4717	41425
5125	41283
4682	41911
4991	44233
4848	43092
4716	42961
4934	42173
5120	41281
4780	41493
4749	44027
4897	44145
4866	44117
4704	40826
4986	41701
4833	42058
4896	44655
5003	41713
4750	40877
4880	42619
4918	41646
5015	44264
4879	41018
4677	44421
4870	44629
4735	41971
4775	41488
4698	41931
5028	42272
4800	44545
5027	42752
4936	44708
4996	42719
4925	41085
5085	43322
4740	41976
5087	43326
4782	42519
4757	41992
4745	42991
5039	44790
4914	42155
4670	43430
5021	44778
4863	42089
4640	42385
4658	41353
4923	44697
5057	43294
4954	42682
4636	42874
4771	43517
4753	41461
4940	44191
4630	40753
4872	43615
5118	43881
5033	41179
5008	43757
4667	42416
4672	42914
4801	43029
4694	43454
4974	42702
4944	44194
4629	41304
5025	41174
4908	44677
4703	43462
4743	44020
5035	43794
4675	43435
5305	46399
5397	45068
5698	46728
5586	48047
5394	47879
5637	47604
5458	47025
5491	47502
5411	48359
5513	47523
5704	47666
5291	45918
5370	46942
5619	46171
5213	44951
5552	48020
5286	48273
5660	47624
5355	46930
5152	44894
5197	47749
6224	50163
5769	50961
5908	52213
6483	49173
6160	51266
6082	50051
6065	49441
6435	50327
6402	50871
6115	51222
5753	49201
6271	53087
5731	50358
5849	52745
6156	50106
5736	49791
6304	52512
5956	50531
6283	50782
6146	50098
5924	52801
6422	50311
6481	49170
6147	51255
6391	52575
5867	52196
5742	52662
5959	49351
6436	50330
6236	51914
5965	51098
5895	51048
6173	51277
6090	50625
5779	49814
6056	52904
6295	50223
6169	51860
6300	49942
6167	49542
6468	52083
6232	52463
6346	49676
6260	49025
5807	51543
6187	53008
6217	51902
6404	50875
6059	50603
6139	51827
6281	51957
6361	51395
5735	48648
6088	52933
5855	50438
5928	48774
6399	53189
6377	50845
6049	52316
6479	49777
6063	49439
6386	50858
6292	53106
6358	51392
6158	50691
5777	50966
5919	52219
6141	51249
6373	50262
6319	51369
5752	50372
6287	51964
6400	50299
6290	51357
6042	52893
5840	49858
6172	53003
6191	48981
6425	49135
5910	50494
5884	52778
6326	50815
6369	53157
6398	49716
6092	51778
5979	49970
6006	51137
6401	49717
6487	49780
5762	52680
6209	53025
6144	49513
5943	51645
5970	50544
5869	52772
6233	49579
6027	50588
5897	48749
6426	49136
5926	49329
6025	51722
5782	48683
5773	49211
6297	51967
5899	48752
6019	52877
6459	50344
6282	50780
5973	51671
5828	49846
5958	52820
6208	50731
6101	48905
6469	53231
5797	48696
6137	52393
6375	52561
5870	51028
6163	51852
5997	50568
6131	51240
6237	53052
5922	52800
5906	48757
6264	53079
6182	50706
6351	53145
6363	50835
6875	54546
6754	55554
6536	55761
6596	55445
6928	54587
6963	53571
6844	55971
6926	54938
6662	53360
6978	54616
6579	55798
6567	53300
7015	55000
6757	55186
6752	55914
6824	55957
6681	53373
6906	55296
6982	54621
6690	54063
6708	54420
6994	56101
6588	53663
6540	55766
6496	53613
6563	53646
6522	55018
6764	55188
6818	54159
6683	53718
6725	55532
6565	53298
6727	55155
6998	56104
6494	54659
6914	55302
6773	55563
6819	55234
6665	53708
6821	54160
6803	54140
6604	53675
6805	55585
6849	54527
7010	54993
6869	55991
6882	56006
6939	54595
6611	54731
6954	54954
6719	53405
6867	55621
6901	56023
6632	54371
6561	53644
6896	55286
6879	56004
6779	54120
6934	55314
6712	53397
6702	54416
6688	54773
7005	54992
6623	55463
6825	53489
6574	54703
6739	55172
6791	53465
6670	53709
6554	53288
7002	53941
6674	55846
6892	54561
6806	55219
6551	54689
6786	55568
6949	54244
6631	54029
6859	54182
6649	55096
6768	55926
6816	55232
6958	54957
6503	53265
6686	54396
6729	54799
6881	54198
6498	54300
6813	53808
6990	53594
7190	56711
7581	56473
7517	56453
7147	56523
7175	57053
7161	56344
7297	56912
7564	56468
7309	56744
7247	57440
7277	57454
7050	56499
7040	56674
7351	56753
7239	56378
7607	56659
7027	56307
7258	56901
7131	56152
7609	56481
7383	56596
7530	56630
7169	56163
7288	57085
7437	56954
7546	56278
7256	56729
7166	56530
7623	56490
7422	56431
7469	56442
7566	56649
7491	56964
7462	57313
7591	56830
7028	56843
7043	56130
7203	57063
7347	57103
7063	57378
7457	56784
7098	57218
7287	56566
7349	56218
7494	57510
7499	56968
7425	57128
7413	56429
7451	56782
7394	57292
7455	56612
7151	57230
7140	56697
7556	56984
7206	56364
7584	56474
7149	56524
7179	57056
7224	56186
7213	57067
7276	57081
7478	57506
7501	56258
7220	56371
7307	57093
7320	56575
7145	57042
7090	56325
7321	57469
7421	56238
7035	56125
7075	56685
7542	57343
7593	56477
7187	57057
7024	56670
7553	57530
7286	57270
7134	56337
7563	56647
7587	56829
7061	56132
7366	57113
7458	57499
7215	56719
7385	57118
155	7781
940	19127
286	7915
375	13361
1631	19749
899	10267
479	13474
535	17016
492	13491
1011	10376
835	17312
1162	10528
455	11631
117	13113
1464	17878
8	12997
1144	21069
196	18439
463	9803
267	16742
639	9988
1760	16412
164	20116
1325	21253
1203	19368
513	16996
1171	17613
1802	9315
302	7926
1283	10658
1211	8779
1795	18196
1058	17504
263	7893
1800	12933
1102	19275
763	13768
845	8449
1665	14567
19	18267
1769	16428
1001	15672
324	11484
1719	21579
735	11874
382	13368
399	15073
409	9735
881	19066
1512	9067
838	15523
448	15128
177	7803
868	12021
1310	14298
1577	12714
1263	10627
1142	21068
440	20404
118	14846
237	13225
14	9379
883	20826
1109	10463
103	18346
1576	16219
843	17323
966	19164
1163	12314
1590	12721
1591	9136
1578	19683
184	13172
1292	15965
1008	17464
1580	16225
1542	19663
708	13701
1796	11147
85	18327
146	7773
820	20772
293	20256
165	16655
1554	16200
338	15025
1780	11134
1335	16008
333	11489
431	13423
69	7696
661	18874
953	13940
204	18444
1740	19859
999	10366
1575	16218
852	15539
1355	21280
1372	8967
1466	9039
1118	8684
273	9602
683	10029
406	9727
269	7901
825	10193
1621	18009
169	14888
1268	17704
1210	12361
1786	18188
938	20868
446	11621
753	13760
1476	14419
1047	20981
595	15277
313	18537
1159	8731
640	20627
1135	12277
669	18884
1569	16211
1712	19833
166	20119
1389	21311
561	11731
1230	12381
497	11667
681	13673
563	11733
1531	21421
556	13549
49	13037
149	11339
652	17141
609	17093
454	9791
1820	16465
1070	21001
45	7671
548	13541
1403	8998
161	20109
1533	9086
1294	10671
1107	21032
598	18808
1337	21265
1198	14179
1064	15734
534	18734
545	20522
1492	9050
432	16902
1072	15737
836	11991
1622	9168
1197	19361
1481	10843
1125	10483
1013	8599
270	20238
81	11276
1379	16036
1644	21521
601	8197
336	15021
1145	15808
732	8331
1165	14147
468	18668
741	11886
1559	12689
1737	21593
407	9729
1617	12749
55	16547
67	13057
721	11860
1059	8646
812	8421
1489	19636
1052	15718
1488	17897
1854	19968
710	11850
961	10326
1783	19903
1547	12678
1781	11136
1371	21298
1232	21163
401	8017
909	8502
1000	19203
1087	21014
1473	12632
41	13028
1835	9336
1817	18213
1382	16043
1253	14219
251	20223
930	19111
1276	15947
1300	10680
728	8325
1189	8759
658	20641
1046	19231
1386	16053
1669	9212
461	15146
1057	17503
1652	21527
130	9476
862	10224
1153	14129
53	13038
1255	10620
636	11803
1480	12638
682	13676
467	11641
125	18363
2558	25136
2016	22806
2303	23024
2131	27599
2088	24795
2488	27887
1943	28472
2429	23107
1993	28508
2339	23046
3120	29290
3121	28379
1926	26540
1884	27447
2688	25209
2231	23949
2986	29213
2230	21993
2215	26777
2008	21822
2595	27983
2526	27931
2126	26707
2861	26291
2198	24878
2476	22189
2546	23211
2873	25358
2285	23999
2701	29028
2214	23933
2144	23875
2871	29137
2452	24122
2073	26666
2242	24908
2841	24426
3078	27366
2551	25132
3083	27371
2477	22191
2761	22398
1859	24626
2529	26024
2549	24207
2641	26112
2143	26716
2304	24011
3055	25469
3031	22604
2962	27276
2330	27749
3088	27377
2221	23938
2083	28590
2323	25875
2228	22973
2693	27102
2839	22454
2341	24049
3104	23612
2533	28909
2114	25736
2885	24452
2737	28087
2813	25299
2929	26337
2197	27648
2022	22813
2946	24489
2510	22223
2727	28077
2731	28083
1989	26585
2618	26096
2048	21848
2922	25388
2439	23124
2349	25897
2669	29000
1874	28420
2191	23913
3243	32161
3698	33485
3611	32545
3939	31085
3358	34803
3957	32029
3779	31834
3792	32733
3727	30865
3667	30800
3670	31686
3765	35231
3951	36266
3283	29477
3495	31492
3476	34093
3631	33423
3458	35772
3827	35286
3413	34846
3522	35829
3905	36227
3313	31303
3857	31918
3713	33496
3286	29481
3412	34845
3364	33139
3202	29368
3686	29957
3675	35129
3316	33082
3573	33356
3198	35497
3526	29773
3266	29460
3630	34240
3813	31870
3473	32408
3832	35299
3538	30630
3820	31884
3367	30464
3816	30114
3914	33712
3903	33694
3761	36082
3513	33302
3258	29440
3431	32367
3906	31044
3423	31426
3421	32355
3339	29536
3543	31552
3764	30912
3770	31823
3456	34070
3369	33145
3168	35463
3578	33360
3657	35108
3802	35262
3898	30183
3649	34261
3197	34617
3322	35618
3778	32721
3600	30704
3158	33764
3208	32955
3220	34644
3628	35943
3776	34396
3664	30793
3744	34362
3501	33292
3748	32689
3836	32784
3964	35444
3340	30431
3865	34465
3723	29999
3843	31907
3953	36269
3194	31181
3213	32129
3921	32865
3188	32945
3376	30480
3535	33323
3826	33618
3693	34306
3418	32351
3384	31383
3849	35308
3334	34778
3196	30291
3201	34623
3183	29350
3519	34136
3623	31626
3787	36114
3901	31963
3259	29441
3850	31911
3174	31152
3912	32851
3709	30845
3948	30222
3260	29444
3766	30914
3809	33599
3407	29621
3362	35664
3690	29961
3811	30956
3868	31932
3839	33627
3540	33327
3498	29730
3575	35883
3506	33298
3395	31398
3875	31013
3310	32246
3350	30441
3660	31674
3596	32524
3591	31590
3173	32924
3312	33076
3432	34870
3474	35784
3163	32917
3290	33056
3833	32781
3652	35105
3218	31199
3532	32471
3737	30887
3562	30660
3775	30067
3157	31128
3937	32880
3315	30407
3804	30947
3710	30847
3878	32819
3222	32980
3288	31270
3275	33040
3180	35472
3546	30646
3847	34448
3569	33353
3822	32768
3356	35653
3354	33977
3830	30129
3936	32005
3191	32108
3715	29990
3955	32028
3204	29370
3544	33331
3923	31068
3654	30781
3855	35315
3165	30254
3738	31784
3505	31505
3307	32243
3711	34319
3251	35555
3752	35223
3206	32122
3255	33856
3242	29421
3773	32719
3186	34606
3636	32577
3704	32633
3237	32995
3823	35281
3177	32073
3564	30664
4470	37272
4221	39299
4406	39472
4284	37651
4020	36898
4099	39778
4513	40110
4589	38472
4524	40671
4167	39256
4424	39482
4323	36583
4212	40406
4229	38728
4242	40430
4543	36794
4570	36814
4005	39691
4041	40249
4591	37366
4027	39720
4314	40493
4201	36471
3982	39676
4611	40737
4506	38397
4607	37915
4207	39283
4515	38405
4140	38653
4608	40736
4442	37776
4579	40161
4333	40502
4517	39001
4415	36662
4482	38370
4538	37336
4474	37278
4170	40365
4318	36577
4495	39551
4199	37588
3970	38497
4190	40382
4174	38677
4285	37652
4596	39644
4127	39232
4180	39263
4168	39259
4349	37704
4380	39453
4184	39842
4249	39880
4433	40592
4348	39425
4025	38542
3973	39667
3988	37394
4511	37825
4016	38533
4209	40400
4278	38192
4360	39978
4261	37118
4144	37550
4205	39281
4263	39337
4023	36342
4247	36508
4539	39020
3985	36867
4422	40029
4356	37706
4176	37573
4420	37761
4324	39403
4038	36921
4456	37256
4617	38495
4160	36446
4527	37330
4440	37243
4390	36638
4530	38429
4111	39788
4003	38515
4109	37518
4065	39748
4537	39019
4227	40415
4322	39941
4453	36703
4486	38965
4189	37581
4496	37298
4431	40590
4381	37206
4600	38480
4377	37204
4479	38954
4220	40412
4532	37335
4531	37334
4820	40947
4774	44528
5119	44338
4988	43735
4651	42397
5068	42802
4790	41503
5596	48056
5160	45806
5616	47149
6449	49752
6012	51708
6142	49511
6311	49645
5940	51643
5755	52676
6858	54534
6957	54955
6616	53329
6953	55326
6959	53567
6502	54663
6660	55105
6782	54124
6657	54754
6792	54135
6745	53428
6609	54019
6811	53470
6679	55850
6534	55408
6931	54233
6738	55903
6630	53690
6887	56008
6648	54378
7426	57303
1470	10835
191	18432
973	15646
1331	14314
1459	12620
889	12050
456	16938
1380	12545
132	9477
902	8494
634	13635
903	8496
1792	18193
1093	17539
656	9998
970	19170
547	18744
1782	18186
558	20528
1624	9172
1848	14721
291	16761
1552	17950
1354	17791
156	16647
1110	15770
28	11232
849	12007
261	9596
2904	27243
2581	28944
2031	27542
2923	27255
2037	24752
2557	26050
2077	27574
3881	30169
3355	34799
5112	41274
5017	42743
5047	42771
5170	45351
5391	47419
5555	45643
5147	47243
6066	52909
6259	51337
7223	56372
233	16713
1694	18094
1222	19379
935	20866
57	11255
712	20687
913	8506
943	19131
163	14881
145	18389
1556	12685
368	9681
783	11927
925	12076
1484	16154
1257	15920
511	9848
1249	19406
1690	12839
1755	21608
891	19081
221	11394
1498	17902
1748	16384
388	9703
1330	10704
1158	10520
410	16879
488	13485
1123	19296
1799	18198
975	8571
1079	19262
1645	14556
701	13695
1788	21641
1227	12376
687	18901
1035	9144
680	11831
366	9679
1829	12962
15	7642
334	18554
696	10045
815	11975
198	16675
1587	14509
808	17291
2503	26007
2616	27054
1922	25598
2414	25940
2630	24271
2318	22048
2746	29056
3565	33351
3695	29965
3929	36247
3377	34815
3161	35455
3812	32759
4521	37841
4264	36530
3987	39681
4351	39970
4159	39254
4461	40615
4267	40458
4095	40301
4069	36953
4057	36944
4376	40540
3994	40208
4403	39469
4063	36369
4408	37746
4601	37906
4391	37212
4271	39899
4215	38714
4388	38298
4222	39863
4302	37154
4949	42672
4976	44740
4913	42152
4814	44077
4731	41437
4803	43540
4850	44108
5116	41830
4868	41003
4960	42191
4764	41476
4692	40813
4994	43235
4845	44585
5024	43783
4732	44006
4920	44171
4641	41330
4650	43940
4773	43007
4637	43383
4945	44195
4643	43394
4846	43086
5097	41264
4998	41153
5113	41275
4648	41345
4690	43972
4827	44085
5073	44835
4907	41628
4645	41878
4655	44399
4626	41300
4662	44409
4826	41545
4995	43741
4922	42659
5114	44869
4817	42038
4715	42959
4719	42965
4705	42446
4982	44228
4787	43014
4664	42414
4882	42622
4634	41316
4977	43226
4888	44645
4665	42907
4797	41510
4971	42697
4910	42647
5053	41216
5042	41200
4911	42149
4980	42222
5044	41761
5111	42344
4653	43406
4685	44431
5075	43846
5081	44841
4972	44214
4619	43896
4722	42967
4739	42483
4709	43986
5108	44333
4652	44393
4813	40935
4755	43502
5103	42339
4688	43969
4779	42517
4754	42996
4687	41920
4839	42067
4985	41141
5038	43277
4776	42515
4933	43686
5104	43869
4860	43108
4902	41047
4691	40812
4947	43699
4952	42680
4979	44745
5002	43237
4921	41074
4700	44442
4769	40894
4711	42956
4828	41546
4906	41543
5080	42323
5105	43870
4680	43443
4973	44216
4696	43456
5007	41158
4983	44747
4738	44013
4635	43923
4737	40866
5091	42829
5048	41207
4999	44759
4970	41122
4822	42560
5019	41167
4975	43223
5134	46765
5257	46365
5723	46751
5708	45295
5261	45436
5540	45631
5465	47471
5711	48153
5627	47599
5347	45503
5188	47287
5543	46112
5398	46967
5165	46789
5515	45165
5192	46812
5260	47340
5448	47456
5308	48092
5303	47366
5254	46362
5584	46145
5585	47574
5517	48478
5250	44973
5135	45314
5575	47126
5459	47468
5193	47743
5422	46978
5239	45419
5446	45105
5230	45410
5256	46364
5267	45898
5664	47626
5710	47673
5409	47434
5701	46737
5564	48510
5629	46663
5299	46894
5262	44984
5337	48310
5669	46694
5631	47164
5453	46030
5464	47470
5407	48358
5293	45008
5434	45092
5133	48166
5566	47116
5237	47783
5482	47044
5511	45157
5215	47762
5715	46744
5321	45487
5414	46486
5479	47963
5225	45402
5649	46195
5212	47306
5146	45795
5248	45427
5142	46773
5284	46886
5516	45171
5224	47767
5493	48438
5221	46834
5150	47708
5311	46907
5189	46312
5389	47874
5707	47671
5688	47201
5488	45141
5548	46118
5617	47151
5232	47321
5595	45690
5427	46496
5297	45928
5662	45258
5402	46971
5404	48356
5509	46091
5519	48002
5720	47227
5527	46598
5524	46105
5500	47983
5522	45173
5661	47625
5640	47609
5279	47812
5712	48632
5190	46810
5401	46476
5420	46493
5558	46613
5175	46798
5508	46577
5615	46167
5276	45450
5603	45228
5238	47785
5379	48337
5512	47521
5432	47904
5392	47422
5236	44966
5415	48363
5412	47893
5514	45164
5668	47188
5217	45393
5155	47710
5442	47003
5324	48307
5622	48077
5354	47855
5274	47346
5499	46076
5590	46150
5620	45232
5145	48175
5141	45790
5702	48146
5654	48589
5390	47875
5556	47545
5656	45723
5358	45509
5613	46164
5684	46711
5300	45012
5505	46573
5641	45715
5547	47535
5557	47106
5181	44931
5526	45625
5713	45298
5403	45989
5665	47178
5578	45679
5243	46356
5501	46079
5598	46643
5634	45240
5484	46062
5553	48021
5255	46363
5472	47955
5326	45491
5709	48152
5468	46044
5167	47272
5646	47170
5301	45013
5382	46957
5270	48258
5417	45535
5200	46823
5198	46821
5612	45698
5202	45386
5330	46425
5610	45230
5176	44926
5523	45624
5285	45457
5340	45959
5673	47191
5158	47259
6105	51787
5733	49788
6338	51382
5775	49810
5950	52236
6047	52315
5806	52152
6458	53223
5947	51649
6243	50745
5946	51647
6364	52005
6170	51861
6276	49622
6296	50791
6214	49569
6179	52428
6325	49662
6252	49594
5868	51024
6408	52037
6001	49991
6339	52541
5961	49352
6227	50167
6023	49414
6388	50859
5737	52658
5948	52234
6423	52051
6441	49748
6331	49076
6463	53227
6306	52513
5789	50398
5724	52649
6044	51165
6299	50793
6018	49412
6203	52443
6327	49664
5863	52768
6079	49457
5834	51566
5793	49225
5726	51494
5774	50963
5893	51613
6046	49428
6200	52439
5987	49978
6070	50037
6413	50307
6368	50839
6382	52569
6194	51883
5766	48667
5843	52738
6262	50763
5916	52217
6171	52999
6134	51241
6052	48867
6335	53140
5836	48723
6384	49106
6005	51704
6359	49090
6728	55158
6538	55410
6740	54449
6794	54136
6732	54439
6852	53501
6992	55706
6795	54137
6605	54728
6492	55003
7026	56494
7529	56809
7216	56369
1627	19746
1561	17953
1250	14217
62	14781
1003	10372
583	20557
1790	16442
750	17225
474	11649
1182	14164
1887	21740
2903	23484
2730	26191
2881	23465