346	20311
3406	32337
4287	36550
1681	18065
1702	19825
653	20636
1842	16480
2999	29223
2334	28768
2120	26703
2145	25760
1878	23681
3142	27408
3299	33064
3927	31072
3226	35534
4364	37713
4223	40413
4475	36727
4196	36467
4765	41477
5065	42791
5618	47597
5476	47035
5498	47057
5983	48818
6372	49694
5990	49979
6733	54441
6549	55034
6711	53396
7013	54998
6520	53626
7341	56925
7248	56383
7068	56504
7614	57358
7391	57120
7334	56214
7252	56725
7342	56582
1682	9218
1348	19527
1313	8919
1195	12342
1139	19315
1727	11064
724	8318
471	18677
107	14832
837	13845
613	11773
279	16753
752	11897
600	9932
1445	12604
1167	21093
1106	12244
748	20721
1824	18218
1174	19344
391	20361
1797	16450
952	20886
522	9857
1833	12966
239	16718
1684	18072
964	20911
1726	21585
422	11589
356	16825
490	9829
1262	19421
1400	12571
1815	16460
617	18822
1157	12308
665	18882
80	9434
620	20597
2290	25854
3043	23576
2753	23359
3057	22622
2288	22032
2654	28987
3024	25454
2791	27167
2936	27264
1983	24710
3025	28310
2594	26083
1914	27463
3084	29271
2117	27596
2370	25914
2671	29003
2049	27552
2296	22035
1972	21789
3050	29250
3145	26480
2142	24839
2297	24951
2566	27954
2687	26153
2784	22417
2584	24244
2578	23239
1948	25611
2317	26824
3048	25464
2685	25207
2185	23909
3803	33587
3780	32723
3576	33358
3579	35886
3287	34723
3494	34112
3656	33448
3633	34247
3411	33197
3774	30066
3391	34003
3834	36161
3374	31361
3680	35136
3154	31123
3253	32178
3571	30671
3644	32589
3182	34597
3244	33005
3580	35887
3566	30665
3399	33182
3589	34197
4508	40106
4001	36324
4165	37041
4353	39431
4337	37691
4385	37728
4592	36824
4359	37708
4058	36366
4308	38211
4354	40524
4350	40516
4499	37818
4120	38056
3976	36294
4366	39441
4260	37117
4036	37979
4079	38592
4917	41645
5093	43862
5095	43334
4885	41029
5041	43808
4919	42162
5122	42844
4718	40841
4819	44081
4884	42623
4666	41897
5018	42253
4772	40895
4963	43210
4624	44354
5036	44787
4965	42198
4707	44456
5531	48487
5289	46889
5148	47246
5583	46640
5535	46107
5670	46211
5537	46109
5312	48295
5655	46203
5143	46275
5471	47034
5298	45929
5571	47560
5365	45514
5350	45049
5518	46590
5386	46468
5675	47195
5680	46708
5342	46429
5679	48118
5306	46897
5263	47341
5875	49297
6472	53241
5980	51678
6024	49415
5976	48813
6366	51399
6067	48877
6093	48898
6202	50150
6080	52929
5949	49940
5900	52787
5930	50516
6334	51994
6473	52638
5935	52231
6245	50183
6261	53072
5977	52845
6043	52309
5848	49265
6419	53205
6030	52302
6004	50572
5788	49222
6239	50743
5892	51046
6330	53137
6275	51347
6352	53147
6026	51723
5794	51536
6119	50657
6313	49646
6342	52543
6842	55970
6514	53622
6827	55604
6860	54183
6836	53825
6838	54518
6532	55026
6753	54452
6800	53802
6515	55750
6643	54038
6635	55089
6965	53908
6627	55468
6677	54055
6641	53346
6760	54102
6742	55542
6889	54560
6555	54691
6651	54042
6602	54722
6908	54927
6972	55687
6781	55207
6730	55160
6885	54918
6687	55503
6967	53910
6516	55399
6559	55775
6513	54674
6890	53521
6519	55752
6820	55235
7171	56870
7405	56234
7191	56174
7487	57156
7170	56701
7230	56888
7557	56985
7212	56543
7377	57487
7031	56309
7336	57099
7296	57090
7585	56290
7253	56726
7547	57346
7365	57289
7580	57183
7389	57119
7079	56138
7109	56857
7558	56818
537	20515
1544	12676
1743	11089
1746	19864
996	17453
385	15061
879	17347
1084	10443
1176	17615
1589	16236
918	19100
218	11388
1054	10418
749	20722
434	11605
1094	14076
754	8347
1027	15692
1220	19375
317	13300
1214	17647
1814	19932
296	13278
957	8549
89	20053
1172	15838
1137	19309
87	20051
726	20699
707	17192
734	18928
1005	19206
1204	21129
1040	17489
1395	16064
1501	14436
767	20729
842	13853
384	9694
885	13875
854	20795
506	15181
1332	19512
898	10265
1457	17876
614	8209
1500	14435
1662	19779
1611	16258
63	11262
1766	21616
477	20450
1298	10675
685	13679
1039	15707
1318	19502
287	9614
22	11226
187	9520
210	13199
1529	14461
1312	17761
574	9910
1823	12958
188	11363
1154	21082
27	9384
1671	21534
588	8186
1336	10708
1326	17775
1608	21478
386	15062
1828	19942
924	13917
647	9989
102	11290
1843	21690
1543	14469
222	11395
782	18981
1443	19605
1066	14050
864	15548
101	18343
288	9617
1509	14445
813	8423
1456	19612
157	13151
1278	8869
1455	10817
1410	10793
242	16721
1205	8773
684	10028
195	20145
1281	17730
1218	10581
610	17095
383	16852
228	20201
403	9722
183	7807
86	18329
1192	8760
1251	15915
1236	14204
1813	16459
865	10226
631	9976
140	16631
428	15105
1170	21097
1811	12945
259	11427
47	20016
757	17231
1288	12466
1448	10811
954	12106
443	20409
869	15551
50	14771
160	9499
1720	18119
809	8417
16	14744
3	11209
1729	21586
1419	10798
1747	12885
147	20101
760	11904
703	17190
1757	9279
586	13576
1021	20961
1603	21475
659	15351
965	15638
1437	12599
968	12129
719	20693
790	10153
447	15127
867	20806
1852	18248
1121	12260
415	18622
2787	27165
2876	29139
2752	29060
2044	24757
2103	23851
2065	21865
2607	27989
2026	21831
2960	23524
2457	25064
2299	24952
1881	25560
2424	26899
2965	27278
1935	21764
3066	28340
2531	28908
1934	28463
3008	29235
2053	23806
2846	29117
2541	27013
1945	24678
2461	25982
1991	26587
2592	27045
2433	22130
2662	24294
2427	27812
2680	29011
2995	25437
3000	28296
2764	22400
2132	28623
1885	28427
2709	29036
2879	29142
2513	27921
2267	25841
2085	25717
2702	28058
2176	23901
2194	22956
2659	23299
3140	22668
1970	27492
2812	26249
1962	27490
2673	23311
3040	27343
3074	22633
1959	27489
2384	23077
2572	26069
2104	25732
3013	28303
2588	28950
2914	29169
3094	22637
2331	25880
2511	22225
2056	22851
2888	27233
2173	25781
3106	23613
2748	26198
1860	21716
2129	25746
2954	25410
2897	25370
2266	24924
2827	26262
2610	22292
3053	25468
2823	24400
2780	25277
2649	28986
2010	27523
2905	27244
2718	28072
2548	26043
2109	28608
2444	26921
2425	27811
2128	23863
2052	28556
2539	22246
2790	24378
2559	23221
2744	23351
2409	24094
3139	23637
2683	22344
2450	28839
2272	23001
2412	25026
2423	23102
3119	24602
2203	23926
2810	27181
2314	25868
2410	24095
2766	26215
1951	27480
1862	27433
2368	25911
2491	28873
2684	25206
2591	24250
3097	26452
2666	22332
1907	27460
2705	22363
2030	26614
1863	27434
2781	25278
1910	23698
2602	26086
3068	28341
3114	29285
2042	28545
2852	23445
2134	28624
2402	27798
2900	28216
1928	27467
1882	23684
3009	22590
2989	25425
2623	28967
2804	28137
3143	22669
2655	24287
2535	25121
2713	28068
2996	28292
3030	25458
2352	24055
2369	28789
2661	26126
2051	26639
3133	28388
2867	23455
2177	25784
2413	22117
2887	28208
2232	27672
2265	23976
2442	28832
2196	21970
2777	29075
2348	26848
2847	27207
2363	28787
2178	22944
2651	26118
1896	27455
2808	22427
2068	23827
2154	23881
2788	23387
2404	22111
2733	23348
2204	28679
2817	25306
2072	28579
2166	21953
2179	25786
2252	24916
2720	26183
1855	28402
2932	28240
2613	28961
2771	26223
2977	23534
3046	26412
2383	22096
2165	27625
1898	25574
2067	21871
3127	23625
3109	25503
2500	22217
2729	22383
3069	26424
2002	22795
1857	25536
2997	28293
3015	27323
2631	27063
3103	25500
1946	23719
2388	24078
2570	27030
2736	29053
2833	28163
1968	26573
2105	25733
2877	25364
2552	24208
2874	25359
2211	28685
2913	23492
3054	26421
2994	22577
2108	24809
2556	27021
2625	22306
2704	26173
2911	23490
2807	25295
2389	24079
2956	26353
1915	26529
2627	22307
2298	26820
2243	22001
2983	27295
2785	24377
2484	27880
1911	28442
3146	25531
2765	26213
3047	22615
2622	26098
2501	27908
1925	21760
2657	28989
2681	23315
2350	25898
2394	25013
2851	22471
1994	27509
1963	23731
2750	27142
2803	25288
3122	28380
2398	22108
2240	22979
1974	27494
2381	25922
2619	27058
2354	26853
2862	27218
2949	23515
2878	22496
2347	28779
2978	26370
3135	25528
2849	25329
1868	25553
2395	24085
2273	28727
2291	23015
3036	26405
2483	22193
2710	27112
2447	27839
2393	25928
2975	24504
1930	22735
2162	25772
2516	22230
2032	24748
2150	25764
2634	28017
2664	22330
2981	28278
2624	23268
2355	24993
2959	26358
3234	33833
3375	33150
3417	33204
3215	31195
3595	32523
3870	34470
3788	36116
3527	30620
3280	29473
3815	36148
3756	32697
3574	30675
3348	33115
3553	34174
3681	36003
3751	35220
3345	32272
3285	33047
3179	34588
3873	36203
3268	33034
3430	29650
3585	29825
3584	35889
3606	32536
3856	35317
3176	32925
3729	31769
3514	30609
3750	31801
4061	38002
3991	37395
4240	38146
4052	39742
4567	38463
3980	36300
4378	38287
4171	37569
4566	40147
4494	37297
3999	37402
4048	36360
4547	40134
4590	40721
4763	41996
4810	43551
4784	42016
4717	41425
4682	41911
4848	43092
4716	42961
4749	44027
4897	44145
4866	44117
4704	40826
4833	42058
5003	41713
4750	40877
4880	42619
4918	41646
4879	41018
4870	44629
4735	41971
4775	41488
5028	42272
4936	44708
4925	41085
5085	43322
5087	43326
4782	42519
4757	41992
4745	42991
4914	42155
4670	43430
5021	44778
4640	42385
4954	42682
4636	42874
4771	43517
4940	44191
4630	40753
4872	43615
5118	43881
5033	41179
5008	43757
4667	42416
4672	42914
4801	43029
4974	42702
4944	44194
4629	41304
5025	41174
4743	44020
5305	46399
5698	46728
5394	47879
5637	47604
5458	47025
5491	47502
5704	47666
5291	45918
5213	44951
5552	48020
5286	48273
5660	47624
5152	44894
5769	50961
5908	52213
6483	49173
6160	51266
6082	50051
6402	50871
6115	51222
5753	49201
6271	53087
5849	52745
6156	50106
6304	52512
6283	50782
5924	52801
6481	49170
6147	51255
6391	52575
5867	52196
5959	49351
6436	50330
5965	51098
5895	51048
6090	50625
5779	49814
6056	52904
6295	50223
6300	49942
6167	49542
6346	49676
6260	49025
5807	51543
6059	50603
6139	51827
6281	51957
6361	51395
6088	52933
5928	48774
6399	53189
6049	52316
6479	49777
6386	50858
6358	51392
6158	50691
5777	50966
5919	52219
6141	51249
6319	51369
5752	50372
6287	51964
6400	50299
6290	51357
6042	52893
6172	53003
6191	48981
6425	49135
5910	50494
5979	49970
6401	49717
5762	52680
5970	50544
5869	52772
6233	49579
6027	50588
5897	48749
5926	49329
6025	51722
5773	49211
6297	51967
6019	52877
6459	50344
6282	50780
5973	51671
5958	52820
6101	48905
5797	48696
6137	52393
6375	52561
5870	51028
5997	50568
6131	51240
5922	52800
5906	48757
6264	53079
6351	53145
6875	54546
6754	55554
6596	55445
6963	53571
6662	53360
6978	54616
6579	55798
7015	55000
6757	55186
6752	55914
6824	55957
6681	53373
6522	55018
6764	55188
6818	54159
6683	53718
6725	55532
6565	53298
6494	54659
6914	55302
6665	53708
6803	54140
6805	55585
7010	54993
6882	56006
6939	54595
6719	53405
6867	55621
6901	56023
6561	53644
6896	55286
6934	55314
6712	53397
6702	54416
6688	54773
7005	54992
6574	54703
6791	53465
6670	53709
6554	53288
7002	53941
6674	55846
6892	54561
6551	54689
6786	55568
6949	54244
6631	54029
6768	55926
6503	53265
6686	54396
6729	54799
6881	54198
6498	54300
6813	53808
7190	56711
7517	56453
7147	56523
7175	57053
7161	56344
7297	56912
7309	56744
7277	57454
7239	56378
7607	56659
7609	56481
7530	56630
7169	56163
7288	57085
7437	56954
7546	56278
7256	56729
7623	56490
7422	56431
7469	56442
7566	56649
7491	56964
7462	57313
7028	56843
7043	56130
7203	57063
7347	57103
7063	57378
7349	56218
7499	56968
7425	57128
7413	56429
7451	56782
7455	56612
7140	56697
7584	56474
7179	57056
7276	57081
7478	57506
7501	56258
7220	56371
7321	57469
7421	56238
7035	56125
7542	57343
7593	56477
7187	57057
7553	57530
7587	56829
7366	57113
7458	57499
7215	56719
7385	57118
940	19127
286	7915
1631	19749
479	13474
1011	10376
117	13113
8	12997
1144	21069
196	18439
463	9803
1760	16412
164	20116
1325	21253
1203	19368
513	16996
1171	17613
1802	9315
302	7926
1283	10658
1795	18196
1058	17504
263	7893
763	13768
845	8449
19	18267
1769	16428
735	11874
382	13368
399	15073
409	9735
881	19066
1512	9067
838	15523
448	15128
868	12021
1310	14298
1577	12714
1263	10627
440	20404
118	14846
14	9379
883	20826
1109	10463
103	18346
1576	16219
843	17323
1578	19683
1008	17464
1580	16225
1542	19663
708	13701
1796	11147
820	20772
293	20256
165	16655
1554	16200
338	15025
1335	16008
953	13940
1740	19859
1575	16218
852	15539
1355	21280
1372	8967
1466	9039
406	9727
825	10193
1621	18009
169	14888
1210	12361
1786	18188
446	11621
753	13760
1476	14419
1047	20981
595	15277
313	18537
1159	8731
640	20627
1135	12277
669	18884
1569	16211
166	20119
1230	12381
497	11667
681	13673
563	11733
1531	21421
556	13549
49	13037
609	17093
454	9791
1820	16465
548	13541
1403	8998
161	20109
1533	9086
598	18808
1337	21265
1064	15734
432	16902
1197	19361
1481	10843
1125	10483
1013	8599
270	20238
81	11276
1644	21521
336	15021
1145	15808
1165	14147
468	18668
741	11886
1559	12689
1737	21593
407	9729
1617	12749
55	16547
67	13057
721	11860
1059	8646
1489	19636
1052	15718
1488	17897
1854	19968
1783	19903
1547	12678
1781	11136
909	8502
41	13028
251	20223
930	19111
1276	15947
728	8325
1669	9212
461	15146
1057	17503
1652	21527
130	9476
862	10224
53	13038
636	11803
1480	12638
467	11641
125	18363
2558	25136
2016	22806
2303	23024
2131	27599
2088	24795
2339	23046
3120	29290
1926	26540
2688	25209
2986	29213
2215	26777
2008	21822
2595	27983
2526	27931
2126	26707
2861	26291
2198	24878
2476	22189
2701	29028
2214	23933
2144	23875
2871	29137
2452	24122
2073	26666
3078	27366
2551	25132
2761	22398
2529	26024
2549	24207
2641	26112
2143	26716
2304	24011
3031	22604
2962	27276
3088	27377
2221	23938
2083	28590
2323	25875
2228	22973
2693	27102
3104	23612
2533	28909
2114	25736
2737	28087
2929	26337
2197	27648
2946	24489
2731	28083
2618	26096
2048	21848
2922	25388
2349	25897
1874	28420
3698	33485
3939	31085
3358	34803
3779	31834
3792	32733
3667	30800
3670	31686
3951	36266
3495	31492
3476	34093
3631	33423
3458	35772
3827	35286
3522	35829
3905	36227
3713	33496
3412	34845
3364	33139
3202	29368
3675	35129
3316	33082
3526	29773
3266	29460
3813	31870
3473	32408
3538	30630
3820	31884
3367	30464
3914	33712
3903	33694
3761	36082
3513	33302
3431	32367
3421	32355
3339	29536
3543	31552
3764	30912
3770	31823
3456	34070
3369	33145
3168	35463
3802	35262
3649	34261
3197	34617
3322	35618
3778	32721
3158	33764
3220	34644
3776	34396
3664	30793
3836	32784
3964	35444
3843	31907
3953	36269
3194	31181
3213	32129
3921	32865
3188	32945
3376	30480
3535	33323
3826	33618
3693	34306
3418	32351
3384	31383
3849	35308
3196	30291
3201	34623
3519	34136
3901	31963
3850	31911
3709	30845
3766	30914
3407	29621
3690	29961
3811	30956
3868	31932
3839	33627
3540	33327
3575	35883
3395	31398
3875	31013
3310	32246
3660	31674
3596	32524
3312	33076
3432	34870
3290	33056
3833	32781
3652	35105
3218	31199
3532	32471
3737	30887
3562	30660
3157	31128
3937	32880
3878	32819
3222	32980
3546	30646
3569	33353
3822	32768
3356	35653
3354	33977
3191	32108
3715	29990
3955	32028
3204	29370
3544	33331
3923	31068
3654	30781
3165	30254
3738	31784
3711	34319
3251	35555
3752	35223
3206	32122
3242	29421
3773	32719
3186	34606
3636	32577
3237	32995
4406	39472
4020	36898
4513	40110
4524	40671
4167	39256
4424	39482
4229	38728
4242	40430
4543	36794
4570	36814
4005	39691
4041	40249
4027	39720
4314	40493
4201	36471
4506	38397
4207	39283
4515	38405
4608	40736
4442	37776
4579	40161
4517	39001
4415	36662
4482	38370
4474	37278
4170	40365
4495	39551
4199	37588
3970	38497
4190	40382
4174	38677
4596	39644
4127	39232
4349	37704
4380	39453
4184	39842
4249	39880
4348	39425
4025	38542
4511	37825
4278	38192
4261	37118
4205	39281
4247	36508
4539	39020
4422	40029
4356	37706
4420	37761
4324	39403
4456	37256
4160	36446
4440	37243
4390	36638
4530	38429
4003	38515
4109	37518
4065	39748
4453	36703
4486	38965
4189	37581
4431	40590
4600	38480
4377	37204
4532	37335
4774	44528
5119	44338
4988	43735
4651	42397
5596	48056
5160	45806
6449	49752
6012	51708
6311	49645
5940	51643
6858	54534
6616	53329
6657	54754
6609	54019
6811	53470
6679	55850
6534	55408
6931	54233
6738	55903
6630	53690
7426	57303
973	15646
1459	12620
889	12050
1380	12545
132	9477
902	8494
634	13635
1792	18193
1093	17539
656	9998
970	19170
1624	9172
1848	14721
1552	17950
1354	17791
1110	15770
28	11232
261	9596
2904	27243
2581	28944
2031	27542
2923	27255
2077	27574
3881	30169
3355	34799
5017	42743
5170	45351
5391	47419
5555	45643
5147	47243
6066	52909
6259	51337
1694	18094
1222	19379
935	20866
943	19131
145	18389
1556	12685
368	9681
783	11927
1484	16154
891	19081
1498	17902
1748	16384
1330	10704
410	16879
488	13485
1123	19296
1799	18198
975	8571
701	13695
1788	21641
687	18901
1035	9144
680	11831
366	9679
1829	12962
334	18554
696	10045
815	11975
198	16675
1587	14509
808	17291
2503	26007
2630	24271
2746	29056
3695	29965
3377	34815
3161	35455
4264	36530
4159	39254
4461	40615
4095	40301
4069	36953
4376	40540
3994	40208
4403	39469
4063	36369
4408	37746
4391	37212
4222	39863
4949	42672
4976	44740
4913	42152
4814	44077
4731	41437
4803	43540
5116	41830
4868	41003
4764	41476
4994	43235
4845	44585
5024	43783
4920	44171
4641	41330
4773	43007
4637	43383
4945	44195
4643	43394
4998	41153
5113	41275
4827	44085
5073	44835
4907	41628
4645	41878
4655	44399
4662	44409
4826	41545
4922	42659
5114	44869
4817	42038
4715	42959
4719	42965
4705	42446
4787	43014
4664	42414
4977	43226
4888	44645
4665	42907
4797	41510
5042	41200
4911	42149
4980	42222
5044	41761
5081	44841
4972	44214
4619	43896
4722	42967
4709	43986
4652	44393
4813	40935
4688	43969
4779	42517
4754	42996
4687	41920
4839	42067
4985	41141
4776	42515
4691	40812
4947	43699
4979	44745
5002	43237
4700	44442
4711	42956
4906	41543
5080	42323
5105	43870
4696	43456
5007	41158
4983	44747
4738	44013
4635	43923
4737	40866
4999	44759
4970	41122
4822	42560
5019	41167
4975	43223
5257	46365
5723	46751
5708	45295
5261	45436
5540	45631
5465	47471
5627	47599
5347	45503
5543	46112
5398	46967
5515	45165
5260	47340
5448	47456
5308	48092
5303	47366
5585	47574
5517	48478
5575	47126
5459	47468
5239	45419
5446	45105
5230	45410
5267	45898
5710	47673
5409	47434
5299	46894
5262	44984
5337	48310
5669	46694
5631	47164
5453	46030
5407	48358
5434	45092
5133	48166
5566	47116
5237	47783
5482	47044
5511	45157
5215	47762
5715	46744
5321	45487
5414	46486
5225	45402
5212	47306
5146	45795
5516	45171
5221	46834
5150	47708
5389	47874
5707	47671
5488	45141
5548	46118
5617	47151
5427	46496
5662	45258
5404	48356
5509	46091
5519	48002
5720	47227
5527	46598
5500	47983
5661	47625
5640	47609
5279	47812
5190	46810
5401	46476
5420	46493
5558	46613
5175	46798
5615	46167
5276	45450
5603	45228
5238	47785
5512	47521
5392	47422
5415	48363
5412	47893
5514	45164
5668	47188
5155	47710
5324	48307
5622	48077
5354	47855
5274	47346
5499	46076
5590	46150
5390	47875
5556	47545
5613	46164
5684	46711
5300	45012
5505	46573
5641	45715
5547	47535
5557	47106
5181	44931
5713	45298
5403	45989
5665	47178
5578	45679
5501	46079
5598	46643
5634	45240
5553	48021
5472	47955
5326	45491
5167	47272
5646	47170
5301	45013
5270	48258
5417	45535
5200	46823
5202	45386
5330	46425
5610	45230
5285	45457
5340	45959
6105	51787
5733	49788
6338	51382
5950	52236
6047	52315
5806	52152
6458	53223
5947	51649
5946	51647
6364	52005
6170	51861
6214	49569
6252	49594
5868	51024
6408	52037
6339	52541
6227	50167
6023	49414
6388	50859
5948	52234
6423	52051
6441	49748
6463	53227
6306	52513
5789	50398
6044	51165
6018	49412
6203	52443
6327	49664
5863	52768
5834	51566
5987	49978
6070	50037
6413	50307
6368	50839
6382	52569
5766	48667
5843	52738
5916	52217
6171	52999
6052	48867
6335	53140
5836	48723
6384	49106
6005	51704
6728	55158
6740	54449
6794	54136
6852	53501
6992	55706
7026	56494
7529	56809
1561	17953
1250	14217
62	14781
1003	10372
583	20557
474	11649
1182	14164
1887	21740
2903	23484
2881	23465