2461	26728
6303	35611
6692	36060
8360	46508
9526	47563
326	21233
1534	15268
2763	19862
3519	24212
4895	34541
4355	28360
6186	33666
4295	32179
4188	33977
4672	34333
5853	29492
5707	29365
5047	32767
6757	41281
7680	37364
6969	38159
6539	37661
7258	36832
7296	40266
7625	38973
7084	39959
6578	39345
8785	44658
7757	42636
8937	46986
7785	46043
7981	46201
8502	45555
8391	45453
8898	46952
9773	49901
9711	50839
9746	47794
9630	49719
10905	52986
10277	51482
10900	53920
10037	54040
10354	54371
12239	58432
11616	56720
11335	56475
11724	55665
11295	57590
12353	61821
12589	59817
12834	60705
12634	60567
12724	59922
12755	61384
13532	62595
13306	62855
13697	63768
13292	62485
13510	63323
13680	63052
13586	62623
13788	63805
3727	17231
60	14031
3337	24066
3227	27437
1362	18611
637	14490
2299	23066
149	14123
1131	25573
3034	27254
3339	16870
3888	24544
2183	15829
398	17744
3004	23699
1703	18925
2679	19779
574	17914
1167	14957
871	18158
919	21754
83	24673
1718	26103
1402	18642
3800	20809
2126	19279
1684	18911
1249	18507
1157	21985
1494	25891
687	14546
2959	27188
1482	22285
666	14523
42	24646
2770	16359
1469	18697
2954	23656
2728	19821
2560	26805
4	24591
2698	23428
1520	25915
944	18219
769	14621
3382	20424
409	21306
2828	27070
1282	15074
1463	25870
1659	22447
1169	22002
933	14762
550	21429
1506	25900
2695	23424
1499	22299
3078	23784
5507	29228
5629	35069
4563	28500
5126	30891
5628	31273
5284	34834
5654	33237
4663	32482
4501	32343
4956	32712
5777	29421
5994	35355
5131	34715
6092	33583
4081	33903
6016	33496
5184	34758
4711	34376
5489	29211
6180	31716
4034	33863
6069	33551
5492	34985
4722	32551
4060	29998
5252	29026
3989	29939
6348	31861
6067	29660
5693	31329
5357	32994
4439	34178
4875	32663
4404	30305
4390	34142
4964	28823
4253	34033
5415	33042
4403	32270
5347	31059
6143	33634
5985	31577
4360	34107
3957	31866
5176	28965
4971	28830
4050	31944
7010	38202
7549	42363
7471	42264
6755	37917
7245	38513
6802	36219
6846	38011
7558	38908
6712	39498
6435	37545
6845	41390
7389	38691
6759	36153
7578	38929
7270	41970
7705	40753
6985	41573
6605	37730
7337	40319
6972	39833
7464	42255
6731	36129
7424	38753
6685	41183
7582	37253
7074	39943
7352	42093
7139	40045
6801	37975
6965	39825
7743	39113
7399	38701
6839	41387
7330	42068
7144	40059
6531	39291
6795	41337
7401	40390
6643	39420
7596	42426
7882	42749
8326	43163
8944	44800
8667	44531
7856	42727
7979	42830
7973	46196
7781	44922
7945	42802
8145	42999
8767	44645
8933	44791
8529	44417
8483	44390
8982	44833
8856	46922
8218	43068
8475	45531
8308	45389
8722	46810
7813	43809
8427	46553
8012	45125
8772	45796
8380	45447
8472	46595
7880	44998
7902	42771
7816	42690
8885	45897
7848	46080
9314	50430
9989	49054
9173	47213
9211	50337
9064	47091
9078	48103
9321	47367
9684	48716
9415	47461
9257	50375
9885	50023
9931	48989
9480	47513
9316	48347
9978	51152
9801	50954
9837	49967
9074	47099
9751	47803
9681	49786
9842	48896
9968	49029
9738	50883
9736	49860
9458	50578
9272	48296
9834	50990
10953	53021
10508	53538
11014	54960
10924	52997
10558	51739
10395	53439
10047	53115
10263	54280
10719	54710
10971	52083
10836	53849
10723	54714
10562	53581
10611	53619
10506	54514
10528	54533
10429	51616
10159	52277
10064	51254
10653	52748
10119	52224
10644	51804
10124	54117
10283	54298
10101	52201
10236	53287
10473	54485
10583	52692
10223	53275
10345	51541
10936	53950
10168	54178
10117	53174
10104	52207
10641	53656
10405	52544
10967	52070
10269	52410
11078	57393
11385	55307
11501	58869
11470	56593
11468	56590
11918	57010
12083	57172
11283	58688
11159	58580
11586	57827
11529	58893
11208	56362
11935	58158
12261	56182
12153	58344
11081	57398
11970	55907
12230	58426
11282	57577
11870	55821
12058	59388
11459	55379
11549	55469
11995	59326
11358	56491
11319	57610
11988	59319
12072	57157
11794	59135
11419	57699
11488	56614
11593	56696
11276	55215
11941	55886
12094	59435
11786	58013
11392	55314
11889	59237
11730	56841
12184	58380
11750	57982
11139	56296
11620	55541
11110	57422
11510	55424
11904	59250
11858	55814
11536	55454
11745	56848
11239	55179
12071	59407
11140	57454
12249	56173
11886	55844
11902	58135
12222	59553
11699	56810
11042	57350
12975	60082
12961	60809
12363	60365
13047	62330
13058	60877
12672	59884
12696	61353
12496	61195
12637	62030
12380	61090
13010	60844
13088	60906
12693	59900
12421	61861
12528	61947
13233	60297
12781	62119
12979	62273
13056	61602
13187	60262
12462	61171
13017	62306
12549	59794
12996	60101
12702	61356
12826	61439
13098	62369
12974	60081
12791	60671
13192	60981
12712	61363
12501	59754
12986	60826
12922	60778
13060	62343
12870	62181
12889	61492
12541	61236
13063	60155
12446	61883
13199	60989
12587	61271
12591	61992
12399	60385
13203	60276
12743	60636
12331	61056
13112	60921
13200	62440
12277	59599
12274	61018
13762	62731
13413	62544
13864	62778
13263	63182
13555	62605
13460	62928
13936	63876
13407	63633
13593	63714
13627	62655
13507	63317
13498	62577
13371	62886
13251	63173
13514	62586
13502	63312
13380	62519
13787	63457
13393	62529
13915	62808
13382	63251
13312	63206
13562	63348
13410	63271
13295	63196
13463	62561
13276	63568
13687	63757
13381	62520
13809	63475
13630	62657
13709	62700
13307	62493
13622	62652
13885	62789
13880	62787
13308	62494
13779	63802
13641	62666
334	21236
3027	23718
228	24781
538	25049
2673	23384
1171	18428
3517	17044
3106	16662
3654	27776
724	21592
1267	25692
694	25210
1666	26060
3412	16950
2529	19652
2421	16061
3364	16906
645	14497
293	21210
2275	26582
2522	16149
1075	18338
457	21345
1573	22359
1161	14950
679	25192
1505	15241
671	21548
3512	27665
356	17716
363	24895
2919	16482
832	18127
15	17425
1258	25687
3096	16655
2382	19526
342	14256
1228	22065
3824	27931
399	17745
1106	21937
2089	15743
1386	22209
1100	18356
3320	16858
2127	19281
1634	26028
3737	24391
642	14495
3350	24075
406	17752
3699	17208
615	14470
3252	16794
1039	18309
2200	15846
664	17984
2045	15704
567	17907
1693	18917
337	14252
2598	23313
3474	20523
3452	20495
667	17988
148	14122
1226	25665
3005	27224
1222	15017
2310	19459
1933	19122
2944	23652
2208	26532
2036	26379
169	24729
3071	27298
1509	22305
918	25385
978	14789
380	14288
908	14740
2234	19383
1003	18272
2123	15781
3502	20546
3625	27753
3801	24447
700	18013
1291	15079
1511	15246
2609	26849
2586	16204
1774	22573
379	17735
1641	22425
1294	22123
2628	16248
3441	24154
3505	20549
742	21611
455	21343
830	25314
1572	25972
3491	20532
1877	22676
2498	16136
3640	27764
2480	16118
3257	20330
589	25092
408	17758
1979	26329
316	21224
3660	17175
3265	16808
2464	26732
2215	22984
3157	23884
2513	16144
1135	21966
1099	21928
1820	15519
1822	22627
2026	26366
1975	26323
1302	25718
484	24999
1028	18295
3596	27739
3348	16879
3539	27687
2641	19734
390	17742
777	25275
811	14657
2964	16519
3380	16922
3827	24473
846	14691
638	14491
1657	15385
2206	15851
62	17472
2273	23039
2915	16479
1489	18714
1624	22414
3229	23957
2210	19360
965	14779
2843	16416
3404	20447
545	21422
1008	14823
2416	23165
2103	22871
2894	23604
3733	24388
525	17853
2075	22849
2348	19503
2061	19228
1426	18666
1682	26077
2383	26668
3605	20631
3426	24146
1991	22778
3877	24530
2867	19950
1017	14834
3083	16644
3783	17261
2154	26485
1356	15136
144	14111
103	17501
168	21076
2829	23558
2668	23374
1759	26133
709	21576
3127	20192
216	24769
315	24856
2216	26535
748	25258
3246	20322
869	14714
1952	26303
1876	15574
722	18035
1063	25517
1483	18708
992	25443
3267	23984
3268	27475
332	14248
3369	20416
63	21003
2681	19785
286	14218
1321	25739
1098	14891
3508	20551
1518	15249
1274	22106
3206	27419
2176	19324
3880	24533
3825	17296
3520	27669
721	25232
839	14683
3082	20166
3196	27410
121	14097
3430	24148
691	21563
2943	27174
2334	15978
1496	25892
2303	23069
3499	27661
1074	21899
3623	24294
3559	24241
1626	26025
2741	16331
2205	15850
2023	26363
3546	17078
2094	19260
1781	26153
322	17687
4042	29978
6037	33515
5995	31586
4058	28109
4602	32411
4019	31918
4838	34496
5513	33124
5414	33041
6071	33553
5442	29178
5902	31511
5868	35256
4318	30228
5351	31062
3981	33821
5940	31542
6115	33606
6139	33628
4222	34003
5370	29122
6137	35492
5079	34666
4705	30564
4344	32220
6237	29809
4121	28167
6033	35391
4702	34365
4754	34417
5681	33258
6225	29799
5627	31272
4038	33865
4801	28695
4044	28100
4946	28812
5256	32915
6118	29711
5895	31507
4936	34570
5115	28932
5847	33377
4798	32607
5226	30965
4894	34540
4933	30763
4549	34254
4612	28528
4743	28655
6052	33535
6343	29899
4695	32507
4363	32233
5975	29589
6147	35501
5010	28855
6064	31642
4414	28396
5218	32891
4953	30772
5246	29023
6013	33494
4216	30141
4144	32047
6256	33723
6038	33516
4495	32340
5313	31036
5185	28977
5023	28865
4578	32398
4006	33840
4330	32209
5566	29276
4141	30088
4021	33851
6155	33647
4348	30259
4332	28345
4052	29987
6359	35649
4061	31955
5635	31281
5388	33018
5094	32798
4307	32192
4071	30009
4903	34548
4208	28236
5822	31451
6100	29696
4268	32150
4937	34571
6202	35536
5032	28868
5367	29120
4014	28085
5527	33128
4606	32412
5932	35292
5597	29289
5216	30953
5171	34744
5898	29526
5283	34830
4629	34301
6075	33561
5621	29302
4043	28099
4434	28408
4203	32099
5801	31432
6281	29839
5267	32927
4101	31989
5435	29171
4314	34080
4951	28814
5366	33001
4134	32035
6026	29622
4762	32585
5157	28954
4887	28765
4832	30684
5169	32864
4335	30245
5288	32943
5095	30863
4466	28428
4417	28399
5401	31095
5062	32778
5952	35306
5570	35031
5650	29327
6356	31864
5271	32931
5102	28923
5652	31295
4112	32000
4745	34403
6096	29689
4357	28361
5840	29475
5233	30970
5560	31225
5863	31477
6103	35457
5646	31290
4243	30166
5280	32935
5584	31246
5044	34647
4173	30105
6129	35484
6141	33631
6273	33737
4938	28805
5227	32899
6181	35523
5459	34958
5161	34739
4735	28648
5548	33143
5555	31220
4277	32164
5341	34877
4960	28820
5912	31522
4645	32456
4271	32156
4056	29993
4409	34157
5946	33447
4441	34180
4065	28116
6341	29897
4090	28139
4689	28602
4693	34347
5998	33487
5883	31497
4739	34396
5173	30925
4305	30221
5277	34827
4691	32502
5509	29231
6255	35570
5039	34641
5082	32786
4623	30480
5757	29403
5784	35188
4860	32652
4015	31913
5982	35343
4214	28245
6298	29855
4345	28353
6171	35516
4219	28249
4508	28464
4223	34005
5042	30829
4707	34370
5849	29488
4568	32389
5564	33164
5769	29416
6228	31773
4692	30545
4371	28367
4609	28526
4358	30263
4120	28166
5262	29031
4450	30338
5836	29467
5614	35063
6340	33787
5579	35043
5620	33206
3958	29913
5688	35126
4049	31945
5440	31120
6161	35511
4684	30533
5811	31443
4149	28191
4939	28806
6213	33695
4084	33904
5529	35007
5138	30905
5235	30972
4063	28114
6315	29875
4258	30179
5850	35243
4857	30705
5446	31126
4053	33874
5630	31277
4229	32116
5798	35203
4992	34611
4941	28808
4246	28274
5189	32875
3964	31874
3977	29931
5183	28976
5537	33136
4137	28182
6106	35462
4093	28141
4233	32120
3976	29929
6318	33769
4477	32330
5761	35173
6285	33740
5368	34896
5911	29533
6246	33719
5989	33482
5554	31218
5677	31317
4475	30368
5254	34815
4983	32728
5090	28911
5483	34975
6280	29836
4783	30638
5043	34645
4666	30518
4863	28745
5163	30919
6097	31664
4192	30118
5572	33168
4070	31962
5230	30966
4657	34326
4625	30481
5518	31189
5405	34918
4924	32693
6084	35442
5257	30990
4573	32394
6019	29618
5604	33186
5752	33303
6353	33802
5335	29093
5682	31325
4662	32481
5713	33277
5329	29086
5193	32880
5733	33291
3997	33829
4965	30782
5190	32876
4636	32446
5687	35125
6148	35503
4026	33855
5014	34624
5928	35290
4813	32618
5997	35357
5213	30951
5679	33255
4731	30596
5571	35033
4206	28231
4728	28644
4273	34045
4075	28126
6175	33660
5546	33142
5012	28858
5881	29516
6021	31605
4326	30237
4845	34501
4889	30729
4796	28689
4498	30395
5282	31012
3984	29933
4402	34149
3960	31872
5389	31087
5542	33138
4760	32584
5927	33430
5779	31411
6339	35639
5948	33449
5887	31501
4871	32659
5419	31106
5567	35028
6167	31708
4522	30414
5876	31490
5864	35254
4679	34338
5647	35093
4558	34263
5781	31414
5582	35045
4899	32681
4389	32254
5988	31581
5301	32951
5194	28983
4800	28692
6159	31704
3999	31903
5352	31063
5543	29253
4973	28831
4585	34278
6190	33671
5897	35267
4819	34477
4524	28475
5721	35147
4727	28643
5959	35315
4045	29981
4774	34432
5613	31263
4125	30057
5485	33104
6267	31800
4169	28207
5873	29508
5966	35328
5736	29383
4291	30211
4407	28394
5128	28941
5743	31366
6261	29824
5920	29544
5133	30901
5503	29226
5281	31011
4539	28484
4990	32734
5319	32969
4878	28753
5219	34780
5565	31229
4427	28404
4708	34371
5476	29201
4912	32686
4880	32665
4359	32229
5202	30946
6114	31677
4191	28218
4565	32388
5983	33478
6086	33573
5640	33226
4649	32465
4202	30124
5092	30859
6185	31723
5882	33405
5936	33437
4900	28777
4012	33845
4183	33969
4204	32101
5783	29425
5861	29499
5735	33293
4831	28715
5191	32877
4365	32237
4655	32476
4249	32139
4418	28400
4431	34171
3961	28043
4062	30000
5535	33135
5831	29463
4140	28183
6212	35542
4917	32691
4452	30344
4252	28279
5978	35338
5358	29113
6173	29759
5151	28952
6210	29790
4596	28521
6914	36347
6410	40846
7012	38210
7402	37030
7639	37309
7526	40542
6943	39792
6366	35662
7151	38407
7521	40534
6867	41417
6497	40954
7587	40618
6951	39807
7143	41802
6910	36342
7244	40195
6546	41016
6440	40891
7278	41984
6736	41254
6438	40886
7432	42213
7382	37006
6639	37773
7692	39054
6681	37812
6751	39551
6873	36294
7218	36763
6553	41025
7672	37358
7049	41655
7442	38768
7371	42128
6596	37716
6900	41453
6960	41538
6991	38176
6953	41527
7450	38777
6405	35695
6398	35689
6485	39234
6699	37833
6451	37562
7101	36606
6677	36037
6875	38040
6466	37577
7183	36719
6771	41303
7398	42168
7732	40783
6744	39548
8007	42860
8395	45455
8396	46534
8103	44057
8284	46453
8645	45671
8894	44758
7821	42693
8673	43449
8460	45518
8909	44774
8792	44667
8437	45495
8156	43006
8632	44496
8734	45764
8995	47028
8135	42988
8321	46480
8019	46230
8934	44792
8023	46236
8962	45947
9606	49693
9777	48824
9600	49689
9589	50715
9286	49369
9873	47923
9261	50385
9134	49209
9714	47759
9512	49600
9984	49050
9517	50629
9410	49509
9194	47234
9735	50879
9427	49525
9799	49931
9494	49589
9116	49180
10013	51204
9149	48189
9208	50335
9130	50264
9118	50244
9649	50774
9648	47684
9661	48696
10014	51207
9486	49576
9845	48898
9826	47880
9724	49846
9311	47352
9283	48310
9089	49146
9700	47738
9426	48472
9058	49108
9072	49126
9439	50559
9809	50968
9636	49731
9756	50902
9141	47185
9745	49870
9492	50596
9807	47868
9849	49977
9948	48004
9507	50617
9150	47192
9292	49375
9771	47833
9878	50016
9551	47588
9957	49018
10018	51215
9814	49940
9392	48436
9609	47642
9309	47350
9429	50548
9762	47821
9772	49900
9744	48787
9182	48213
9200	49273
9734	49859
9945	49009
9092	50221
9473	48516
9104	48140
9887	50029
9671	49777
9567	49662
9068	48090
10108	51296
10295	54305
10471	52610
10377	53423
10991	53052
10278	52424
10874	53898
10487	51683
10564	51742
10219	53274
10687	52772
10908	54877
10718	53724
10603	53614
10767	52847
10631	53638
10878	52962
10115	54099
10732	53731
10552	52670
10034	52154
11644	55566
11615	57854
11185	55109
11678	55618
11475	58846
11234	55172
11812	55766
11344	55272
11647	55570
11460	55380
12195	57271
12032	58233
11881	59233
12128	57214
12235	58428
11104	55030
11672	56786
11275	58685
11580	57816
11792	55745
12007	55938
11216	56370
12110	58307
11294	56443
11895	59242
11349	56484
11626	58986
11764	57992
11502	56631
11901	56993
11435	58816
11186	57491
11372	58767
11297	57592
11398	57672
11571	56681
11359	55283
11602	55516
11390	56515
11885	55842
11628	57869
11808	59146
11040	57348
12182	58378
11271	55213
11691	56805
11635	56742
11210	58625
11610	56712
11807	58031
12194	56112
11363	58752
12095	59437
11376	55299
11689	57924
11747	59100
11965	57061
11252	55191
11990	59321
12052	58252
11248	57550
11693	59053
11804	58028
12227	56152
11799	59138
11286	58691
11534	57778
12126	56054
11499	55411
12088	56013
12202	57280
11192	58611
11484	55396
11086	55017
11149	56304
12050	57138
11854	55811
11726	57963
11049	58468
12268	56192
11489	57737
11767	56861
11277	55216
11640	58996
11144	56299
11958	57050
11664	55599
11117	57425
11712	55653
12018	58216
12124	57213
11891	58119
11262	58675
11257	58671
11445	56564
12002	57098
12093	59434
12243	59569
11921	59263
12043	57132
11424	56544
12210	57291
11713	59063
12228	57310
12119	57203
11151	56307
11165	58585
11639	55562
11429	56549
11141	58568
11969	58175
11199	58618
12100	57179
11088	58520
11946	59285
11274	57572
12005	57103
11873	56963
11803	59140
11451	58827
11772	57999
12203	57281
12120	57205
11125	57436
11250	55189
11801	55755
12013	58213
12026	57117
12514	61208
12643	59858
12772	59956
12738	59930
12502	59755
12290	60310
12694	61352
12855	60719
13117	60190
12980	60823
12581	59813
12874	61482
12773	59957
13231	61741
12929	60055
12665	60588
12856	60718
12569	61259
12394	61099
12381	59674
12812	60686
12830	60699
12420	60408
13087	61628
12408	59705
12962	61545
13188	60263
12346	61813
12571	61974
12329	61053
12780	62118
13114	60925
12709	59912
12921	62227
13061	60881
12963	60810
13207	60277
13136	62397
12436	61154
12993	60098
12415	61124
12938	60788
12529	61217
13218	60285
13075	62353
12464	59733
12620	60555
12368	59667
12698	59905
13209	61717
12853	62160
13230	61739
13155	60229
12815	59978
12880	62192
13037	60865
13120	62385
12831	60700
12969	60079
12539	60485
12498	61196
12915	61512
12300	60320
12734	59927
12723	62084
13142	62401
13089	61630
12451	61892
13154	60228
13073	60160
13054	62337
13202	61711
12383	59676
12338	61803
13012	60845
12898	60754
12767	60653
12704	59909
13053	62336
12588	61273
12540	60486
12423	60409
12511	59767
13225	60296
12656	59870
12281	59604
12439	61156
12751	60642
12818	61433
12568	61257
13488	62571
13314	63588
13814	63816
13294	62489
13860	63840
13681	62687
13735	63784
13277	62480
13623	63383
13845	63125
13361	63612
13950	63883
13560	63698
13674	62684
13797	63808
13678	63417
13754	63089
13694	63762
13468	63303
13300	62491
13568	63702
13362	62880
13632	62658
13614	63021
13383	62522
13774	63800
13625	62654
13773	63100
13487	63665
13469	62939
13257	63177
13894	63509
13686	63756
13595	62628
13279	63573
13493	63666
13310	62858
13868	62780
13462	63657
13434	63641
13449	62556
13385	63252
13823	63483
13635	62659
13753	63790
13605	63015
13465	63660
13278	63572
13419	62910
13907	63865
13524	63682
13474	62943
13682	63418
13466	63301
13608	62642
13922	63150
13401	62536
13689	63421
13855	62772
13285	62483
13870	63136
13862	63841
13375	63249
13558	63345
13259	63179
13396	63627
13948	63160
13842	63831
13296	62852
13301	63199
13830	63821
13746	63443
13531	62977
13908	62806
13355	63232
13900	63862
13799	62750
13859	63492
13857	63128
13702	63063
13348	62510
13433	62915
13901	63861
13840	62763
13633	63389
13439	62921
203	24759
2336	23096
1744	22533
3410	27598
206	17599
3264	16806
3089	16648
1165	18421
3819	24467
1604	18832
3253	27466
3028	27248
3786	27898
2374	26991
416	14315
1863	26228
2967	27192
3805	27912
3344	16873
592	17930
2147	22908
3191	20260
1561	25965
1984	15657
2879	19961
3068	23768
273	17648
2167	15811
1710	18930
3878	24531
3311	16850
3421	20461
3281	24000
936	14764
608	17944
1881	22677
2398	19538
2806	27047
1858	19062
3955	28036
1986	15659
951	21783
2086	22861
2346	23106
3420	16960
3112	27344
1545	25954
2438	19576
3202	16754
2807	19912
1225	15018
2848	23569
338	21243
3515	20556
1778	22580
3759	24419
1365	15143
2373	16016
1705	22496
1675	26067
1419	18657
1266	25691
3698	20715
1886	26250
2425	23172
10	24597
1537	25939
1061	21888
3831	24482
2401	19544
22	13994
3154	16714
3661	24327
1468	22277
1860	15562
2111	22875
2116	22882
3439	20482
909	21745
1396	15164
2028	22803
282	24824
3912	20895
757	21620
1043	14849
2683	16296
3939	24582
2974	20052
2787	16373
3863	24515
882	21727
814	21670
2067	22840
1229	22066
1878	26243
762	14613
242	14193
2018	19191
2493	23227
2822	23551
3784	27897
591	21467
513	17841
3447	27619
1920	22712
2753	19847
996	21820
730	18042
3044	20120
931	25399
3075	16633
2092	22865
565	17906
3925	28019
1358	25790
3225	20295
122	21046
267	24813
3597	27740
2520	23254
1644	26039
1272	15062
2316	15960
1023	21855
1743	15433
2795	27032
72	21011
3926	20912
2979	27205
419	21312
3860	24512
211	21131
1971	26318
1837	26207
464	21351
1461	25868
2343	23105
2109	26448
838	21696
957	18228
3360	27556
2071	22846
1049	18314
581	14439
64	24657
360	24893
3479	24185
492	25008
2768	23486
1870	19070
2276	19426
723	21591
530	21405
2559	16181
626	25137
373	17728
1861	15563
698	25212
2448	23188
2639	16256
2997	20074
1788	15488
1589	18814
542	21416
314	14237
196	24754
3263	20332
1583	18803
1579	22365
1059	14857
547	25057
1384	22210
1872	26235
975	21811
2274	19423
3417	24135
2301	19451
1564	25967
3233	23961
2521	26773
1903	22698
3326	24055
1253	25685
2030	15697
2780	23510
1475	18702
979	14790
366	24899
1124	18384
3791	17269
1813	22615
2479	26741
590	21464
481	21364
1490	25887
879	18166
2232	23006
2620	26858
462	24978
182	24736
2487	26748
2118	15773
1314	15097
411	24927
2797	19894
1910	22702
2715	16316
808	25303
3448	27621
2743	26984
2841	19933
3671	20693
110	24689
27	20963
3100	27331
1400	18640
243	21162
1406	25822
587	17927
2575	16195
3239	20314
3668	20691
2932	16491
1988	15662
3504	20548
1449	22269
2328	19481
5649	35095
6132	29725
4763	34425
4136	28181
4826	34484
5056	34652
5330	32978
6054	31630
6165	31705
4419	30322
5494	33111
5723	33288
5785	35190
4634	30490
4003	31906
5141	34723
4687	32497
4969	34593
4368	32238
4816	32620
4954	32711
6014	35379
4487	28452
5930	31532
5517	29238
4032	29970
5915	31523
4491	30385
6146	33637
5327	31047
6012	35377
4958	32713
4098	30032
5121	30888
3974	29928
5774	33323
5139	30908
3982	33822
6266	35576
4104	28155
4713	32537
5813	31442
6354	29906
5919	29543
4945	28811
5660	29335
6008	35368
4598	28522
4982	30797
5021	32756
4342	32216
4872	28750
6311	33765
4567	28503
6239	31778
4447	32300
5766	33316
5790	35197
4644	32453
5117	32823
6057	31631
4927	32695
6101	29697
4764	32588
4073	30011
5420	33045
5291	31020
4907	34550
5665	33243
6083	31656
5977	35336
6333	35633
5712	33275
4614	32417
5477	33094
4284	30203
5545	31207
5299	34841
4901	34546
4460	32315
4772	30629
5765	33315
7007	36484
6634	39414
6475	40934
7417	38730
7727	37432
7404	40393
6916	39744
6818	41368
7188	40114
7072	41692
7474	42268
7309	36917
7306	38600
6674	37807
6457	37572
6549	39307
7294	38586
6924	41475
6835	36247
7725	40775
7453	37079
7114	41759
7332	38625
6458	40910
7112	36631
6811	39632
7240	41927
7254	40215
6760	41285
7495	40499
6604	35946
6598	35934
6513	39272
6779	36185
6888	38055
6571	39333
7034	41637
6936	41496
6616	37740
6417	37513
6940	36393
7660	40708
7008	39874
7115	38349
7264	38552
6383	39141
7554	38892
6495	37606
7078	38299
6459	40911
6890	36317
6550	37669
7597	37269
6911	38080
7538	38868
7199	40133
7082	36580
6544	37665
6378	39137
7036	41640
7046	38249
7589	38943
6453	37565
7410	38717
7505	37145
7482	42282
6714	36107
7694	40737
7393	42162
7746	37446
7655	39015
7152	41816
6633	37769
6510	35833
7358	36976
6892	39720
7440	40437
7645	37315
7329	36950
7676	39041
6664	37797
7275	40240
7568	42393
7063	39927
7205	41890
7305	40277
7195	36739
6776	36177
7048	36540
7120	36640
7466	37097
6480	35803
6986	38170
6830	39650
7468	37100
6500	40961
6902	36331
7085	38306
7481	38807
7451	42229
6638	41124
7283	38572
6573	41040
6709	39493
6852	41393
7546	38887
7328	42062
6560	37674
6856	36270
7005	41590
6952	36412
7252	38528
6609	35948
6474	40929
6949	41523
6476	37582
6702	41207
6619	35972
6948	36408
6976	38163
7665	42511
7657	37344
7019	36495
7242	36792
7517	38839
6723	36122
6629	41111
6975	39834
6493	37605
6861	39692
6507	37616
7695	37389
6947	36407
6735	37889
6987	38172
6956	39813
7130	40036
6689	36053
6565	35891
7687	40729
7069	39934
7248	36809
6368	35663
6367	39125
7159	36681
7184	40107
7591	37263
6928	36356
7654	37332
6488	37595
7561	42383
7445	42226
7227	38495
6442	37556
7581	38932
6989	39850
7611	42439
6379	39139
6733	37882
6595	41067
7396	40383
7669	40716
7491	40495
7671	39033
7740	42620
6942	36394
7566	40583
6865	41416
6425	35719
7709	42566
6979	41565
6782	39590
6667	41157
6414	39162
7339	38636
7376	38678
6416	37512
7147	38398
7493	40496
7479	37112
7177	36710
6791	39610
6404	37494
7688	42540
7333	40316
6542	39300
6669	41161
7952	45070
8497	44399
8297	43138
7784	43795
8781	46847
8449	45508
8854	46921
8049	44019
8425	43240
8750	44633
7875	42742
8574	45617
8862	43614
7833	42701
8077	45182
8455	43278
8118	44073
8546	45599
8476	44380
8172	45258
8526	44412
7948	43945
8798	43552
8788	44665
8578	46675
8327	45405
8777	44655
8784	45802
8282	44223
8319	43161
8430	45485
7953	43948
7921	45041
9019	43734
7895	42767
8434	43251
8576	44456
8677	45714
8102	42951
8350	43183
7947	46182
7750	46006
8377	46519
7965	46189
8025	42875
8262	45335
8807	46878
8006	45119
8381	46521
8366	43195
7911	43908
8717	46803
8891	44754
8829	46898
8819	43572
8014	43994
8605	43394
7808	42685
8117	45216
7804	43801
8504	43319
8877	45892
8823	44689
8906	45909
8507	45559
8458	46577
7773	42647
8800	43554
8960	44819
8387	46527
8950	44805
8383	45448
8407	44320
8178	44122
7790	46047
7935	45054
7793	42675
9015	45982
8976	47012
8367	44291
8465	43287
9008	44856
8192	43045
8155	44102
8324	44261
8795	46863
8338	43173
8485	44392
8935	46984
7931	43927
8354	46500
8028	45145
7963	45082
8692	46776
9050	47077
8005	43990
8897	43640
7796	44942
8661	45696
8740	45771
8171	44114
8743	44625
7985	42835
8583	46677
8446	45505
9378	48424
9852	47906
10000	49076
9731	47786
9414	49511
9569	48619
9229	49307
10576	51748
10769	52850
10865	54845
12224	56151
11098	57414
11553	57794
11394	57668
12097	59439
12201	57278
12552	60502
13023	60854
12454	61896
13229	61738
12799	60677
12435	60422
12989	60095
12426	60414
12942	60064
12530	60478
12282	61762
12895	62204
12932	62237
12302	61036
12893	61498
13132	60941
13104	62374
12644	59862
12398	61842
12382	61832
13420	62548
2631	26868
3168	23891
2447	26720
1195	14984
3450	24159
7	13971
2217	15862
2087	26426
2313	19463
3670	27793
2990	16548
804	18109
2282	23047
3366	24091
1246	25679
2869	16441
819	21672
290	24839
1913	19107
391	24910
3254	23977
3151	23877
806	21666
1840	15536
36	20974
765	14618
2169	26502
837	14682
2443	19580
6078	35436
5174	34746
3978	33819
5363	29117
4920	28798
6065	35425
4599	34288
6589	35921
7711	42572
9351	47402
9942	47997
9341	48381
10649	53669
10994	54943
10570	52683
10408	51589
12053	59375
11919	55868
13457	63654
1399	25818
3592	27733
1607	15342
2041	19204
771	14623
3524	20567
3579	27718
1462	15205
1205	14996
3244	16792
1160	18418
1411	18646
892	21737
2905	16468
1938	15623
614	14469
1105	21936
2647	19737
1018	14835
188	21103
190	24741
3845	27956
2202	19349
173	21081
3702	27828
1343	18598
2809	27050
3289	24001
3396	20439
2956	27182
878	14717
1218	15013
2908	19994
1290	22117
672	25183
3029	23719
138	17535
2474	19618
1276	18526
3843	27954
3514	24207
1708	22498
662	14518
2097	26440
2571	16192
1580	18798
476	21361
799	18105
788	18087
5320	31040
4424	34168
4240	32126
5495	31169
4020	31919
6344	31857
4511	32352
6686	41187
6646	37779
6408	37498
6767	41296
6630	37765
7506	38831
8571	46668
7874	42741
7791	44935
8161	46358
8620	45651
8397	45456
8967	43695
8981	43703
8076	44037
7900	46130
7752	44895
8384	45450
8844	44716
8833	43584
8642	43418
8210	45288
8386	44308
8565	43366
7783	43794
7986	42834
7912	42780
8589	45628
10017	49095
9925	48983
9561	50691
9501	49592
9446	49542
10004	51192
9554	48607
9664	49764
9364	48409
9509	47548
9156	48195
9365	49455
9604	48644
9305	49387
9909	47966
9247	50365
9565	48617
9510	50622
9822	49946
9846	49972
9399	47443
9197	47239
9983	51160
9155	48194
9538	48601
9133	48174
9376	47420
9488	49578
9234	48260
9161	50292
9312	47354
10003	48068
9476	48518
9598	50723
9295	47338
9518	49605
9997	51176
9506	49596
9193	50325
9265	50389
9248	48273
9988	48051
9442	47486
9186	47226
9704	47744
9249	48274
9103	50228
9255	50373
9727	50867
9469	48514
9384	49480
9937	50074
9070	47096
9967	50109
9639	50765
9851	49988
9710	50837
10001	51187
9443	47488
9418	48460
9184	50314
9432	48481
9153	50288
9209	49285
9259	48288
9303	47346
9119	48156
9502	48547
9406	48449
9435	49533
9397	49490
9563	49657
9082	50210
9549	47585
9657	48692
9752	47804
9922	50063
9760	48804
9973	49032
9238	49319
9254	47287
9243	49321
9570	47602
9499	50605
9706	47748
9617	47653
9580	47618
9391	50503
9581	50709
9434	49532
9278	49360
9204	47246
9840	48894
9347	47393
9299	50413
9242	48269
9615	50737
9775	47837
9818	49943
9638	49733
9955	50101
9175	49247
9324	49398
9946	49014
9389	47430
9781	48831
9233	49309
9590	47627
9181	47221
9916	51075
9319	48353
9124	47155
9170	49242
9276	48301
9190	50320
10610	53618
10033	52153
10567	52682
10571	51745
10637	51797
10548	52666
10426	54444
10356	54376
10434	54454
10181	51394
10838	53854
10804	52888
10835	51971
10323	52462
10093	51275
10201	52331
10388	52531
10757	53760
10627	54623
10022	54029
10437	54457
10680	53689
10051	51243
10693	54684
10686	52771
10972	53373
10441	51632
10894	53916
10199	54216
10705	52789
10738	54727
10796	54783
10963	54921
10831	54807
10935	54900
10646	52744
10977	54933
10911	52036
10227	54246
11024	54966
10843	53859
10494	52630
10566	53584
10297	53335
10914	54885
10863	51997
10120	51310
10721	54712
10352	52498
10220	52355
10287	51495
10661	51818
10575	52685
10369	53417
10072	53142
10974	52086
10260	54277
10940	53954
10975	53041
10214	52346
10910	52989
10938	53007
10828	54801
10392	51576
10934	53002
10615	52719
10343	52487
10502	53528
10378	52525
10422	52566
10930	53943
10580	54580
10939	53010
10612	53622
10746	51884
11017	54020
10128	54122
10964	53026
10349	52494
10605	53615
10932	53000
10063	51253
10626	51788
10720	54711
10676	54664
10338	53387
10208	53264
10927	54892
10275	53319
10315	53358
11006	54013
10225	53280
10317	51526
10114	52220
10202	51407
10257	51462
10597	53608
10753	52834
10533	51716
10678	54669
10329	54346
10358	54378
10642	53659
10931	53945
10420	51601
10111	53160
10890	52023
10679	51835
10465	51655
10916	52039
10207	54221
10071	53141
10404	52543
10256	51457
10454	52596
10286	53327
10149	52264
10584	52693
10062	51250
10973	53038
10396	54415
10213	51415
10996	53056
10703	52784
10980	53043
10638	53648
10442	53476
10188	54199
10944	52055
10747	51885
10353	52502
10496	53522
11034	54027
10445	52589
10152	53213
10754	51892
10085	51270
10097	52196
10886	52016
10976	53992
10391	53438
10382	51572
10867	53892
10136	53186
10543	53567
10522	53546
10685	51839
10179	53233
10407	54431
10539	53562
10210	51414
10534	52648
10488	51684
10087	54077
10569	51744
10279	54295
10961	54920
10231	51430
10144	53204
10162	52281
10379	53426
10876	52013
10620	54614
10535	51717
10842	51982
10504	53532
10312	52449
10897	52976
11008	53065
10765	53772
10024	51224
10775	53782
10774	54762
10663	53678
10898	54872
10053	52169
10711	52798
10433	54453
12116	58313
12154	58348
12003	55936
11943	55887
11075	57390
11397	56524
11606	55521
11152	55073
11455	58829
11514	55437
11085	55016
11486	57736
11047	54982
11618	56723
11535	58902
11175	57482
11577	55492
11758	55701
12001	57097
12016	57108
11189	58603
11518	57770
12135	59471
11290	57586
12225	57309
11408	55333
12133	59468
11362	55287
11481	56603
11153	55074
11059	56218
11386	58788
11237	58649
11342	56479
11235	58647
11866	59219
12021	55947
12169	59500
11072	55003
11831	59179
11887	55846
11544	58915
11709	55648
12173	58368
11696	59056
11243	57543
11711	55651
12179	57262
12073	57158
11379	57656
12155	59485
11077	56232
12251	59578
11150	58571
11851	56947
11463	55381
12256	57335
11683	57917
11813	56908
11802	55756
11325	57615
11857	56951
11592	57831
11071	57383
11698	55639
12049	57137
11865	59218
11800	55754
12309	59619
13134	62396
12388	60374
12493	61191
12708	62076
12359	59659
13077	60898
12700	61355
13145	60216
12374	60369
13664	63405
13760	62730
13839	63826
1791	22596
344	17704
1527	18750
3422	24142
3308	20365
1173	25612
1495	18718
3891	24548
240	14192
2066	15728
6074	29667
6035	35392
5000	34616
4386	30286