2336	26649
7282	38675
8063	42888
3772	24403
1788	26163
2717	26974
1936	22818
6238	35561
5656	35106
5471	33041
4240	32098
3992	30019
6350	33746
6491	39402
7713	37410
7131	41872
8144	44051
8647	46751
8257	43065
7978	42805
9658	47815
9963	49129
10945	53935
10305	53373
10340	53395
11250	55156
12169	56032
11259	56317
12944	60779
12779	61372
12457	59734
12725	61336
12756	59964
13417	63263
13732	62721
13266	62842
13568	63696
13821	63458
13413	62552
13734	63063
13418	62920
1753	15556
1416	25865
1380	15257
1232	18680
1165	25653
3822	17402
735	14656
492	25015
126	21170
2925	20183
627	18111
2260	23091
770	18235
2654	16270
1509	18942
3263	27431
1134	18582
2812	27059
3925	24556
1210	25682
2391	26699
1885	22788
3034	27224
2556	16195
1928	19304
2225	23056
3778	24410
3045	27249
3818	27923
431	17927
2342	23163
2523	16167
1314	25759
1468	18909
1907	22798
630	25160
1194	18646
686	25220
2052	15772
2681	26935
4382	32192
6270	29914
6019	29697
5137	28960
4380	28370
5928	35325
6255	31792
6046	33505
6192	33602
5333	31048
5111	34648
4706	32421
4028	33801
6302	35609
4222	33934
4465	32252
5944	35341
4158	33890
4386	28373
4073	28127
6277	35588
5216	32818
5489	31177
5620	31289
4679	34292
4791	32491
4880	28755
4699	30582
5868	29577
4053	31949
5639	33162
6274	31802
5956	31545
4281	30247
6929	39925
7587	39061
6730	39696
7413	42224
6482	41061
7351	40450
6801	39786
7464	40585
6596	39535
6905	36404
7269	40341
7634	42499
6554	37699
6825	41474
6363	37461
7157	38516
7407	37009
7474	38927
6387	40935
6440	39343
7414	42225
7403	37003
6584	39520
7420	40535
8282	46444
7790	42662
8587	43379
8784	45769
8110	44029
8166	44066
8362	43162
8137	44046
7850	42704
8739	44549
8785	46862
8780	46854
8281	44156
8557	44394
7754	42632
8797	45779
8685	43455
8458	44317
7874	44930
9831	47983
9994	50200
9486	49672
9297	47367
9937	50146
9337	48500
10012	49182
9147	47179
9231	50419
9781	48961
9102	48235
9416	48591
9193	47233
9370	49548
9513	50692
9933	51125
9372	48536
9605	50794
10877	54825
10144	53227
10562	53584
10920	52978
10376	52445
10495	52549
10379	52447
10697	54633
10485	52541
10558	52613
10303	53372
10155	52267
10911	53898
10733	51852
10194	51387
10868	52928
10748	52806
10498	53533
10996	53046
10718	52767
10500	54456
10159	53235
10658	53679
11749	55635
12257	59579
11841	58016
11877	55753
11243	55151
11532	57737
11318	55215
11339	55236
11416	56488
11913	59267
11211	56278
11762	59125
11787	56854
12141	58332
11607	58976
11206	58569
11440	56521
12073	59410
11836	59183
11294	58647
11715	55603
12212	59543
11282	58640
11860	56910
11675	55560
12055	57081
11165	57384
12138	59475
11471	57685
12154	59485
11880	58061
11682	57874
11950	56995
12117	55984
11513	58881
13047	62308
12751	59960
12568	61942
12584	60521
13041	60163
13042	60856
12763	61364
12972	60790
13006	60140
12753	62088
12392	60376
12848	61427
13169	60246
12373	61806
12424	60393
12391	59684
12497	60440
12484	61880
13093	60898
12320	61029
12401	60380
12352	61060
12623	61265
12687	62025
12995	61545
12941	61498
12605	61256
12430	61841
13171	60248
12298	61737
12787	62113
12295	61012
12608	59859
12755	62090
13023	61573
13318	63208
13454	62572
13330	62512
13879	63494
13669	63039
13349	63226
13538	63323
13338	62881
13809	63825
13584	62647
13784	63437
13764	63428
13549	62628
13735	63064
13532	63684
13436	63627
13933	63521
13819	63457
13269	62476
13286	63195
13919	63156
2584	26853
1594	19014
3840	17427
1826	26202
3085	23791
398	21399
2966	23685
3166	16781
3272	23953
1647	22574
931	25438
243	17726
3140	16756
2813	27060
450	17943
3180	20414
773	14685
1053	22030
1261	25713
2313	19638
3301	23985
1906	26270
2283	19616
974	14887
2060	26391
1205	22176
1160	25647
2058	26389
2787	27037
2769	23530
744	25266
1032	25544
3294	27467
3129	23827
1462	22402
3588	20774
2833	27067
2933	20191
2379	16032
2971	20213
2944	27133
512	21519
1401	25850
2983	16603
3546	24214
628	14547
3587	20773
1744	26117
1681	22596
73	17600
3860	27954
2507	26788
3396	17013
2750	20017
1062	22045
1384	25840
2266	15952
28	17564
2160	15858
2189	19537
3612	20799
3415	24099
2620	16248
1916	19296
217	17701
3250	27420
1991	15722
3766	27872
599	14524
3434	17046
3422	24113
3685	27816
399	21400
1925	26280
3006	20255
2709	16327
121	17628
3942	28028
3626	20807
247	17733
797	25319
1506	25943
3152	20388
881	21886
119	24681
2268	15955
3596	20783
833	14761
1519	25950
2126	19489
1336	15207
3545	17155
3515	17131
2226	23059
1244	15111
2749	16366
2166	26483
3373	24068
3302	16919
2668	23433
2378	23190
2213	26539
2409	16060
214	14145
102	24667
1227	15098
1300	22253
3319	20542
1903	22797
2949	16564
2695	16314
2115	22969
441	21443
3268	27435
1900	19283
285	17765
2018	26354
2821	23569
1347	18804
3541	17149
968	18444
2464	26747
885	21889
60	21109
2130	15837
3811	24457
827	14755
17	21082
6	17547
3825	27924
3520	17136
1827	19223
2120	26439
777	18242
2766	23528
1843	15617
2635	19914
3106	27299
3682	27813
678	21689
985	21976
1497	18937
991	18467
2781	27031
2867	16491
462	21465
2951	27144
3956	24586
1146	18598
423	24960
6043	33503
6128	35477
6017	35398
5404	31095
4212	30189
4174	28203
4714	34327
4129	28169
6207	29862
5763	31402
5622	31290
3997	31898
5724	33237
6210	33616
4039	28102
5143	34678
5829	35246
5289	34801
6248	35573
4161	30144
6092	35455
5836	33351
5299	31016
4548	32320
5341	32925
5882	33383
4516	28468
4769	30632
4512	34150
5952	35349
6235	31775
5089	34634
4861	28738
5482	34961
5259	34765
5983	35374
6131	35480
4622	34259
4358	32179
4193	32055
4802	34396
4271	30239
5534	29294
5933	29637
5211	29006
4072	33830
4898	32587
4065	33828
5948	29649
6267	33681
5151	28971
4063	33827
5695	29415
4689	32407
4214	32070
5102	34641
5877	35288
6172	35507
5166	28975
4421	32218
4619	28563
5416	29189
6143	33571
4267	32119
6318	29951
4848	32536
3967	28054
4229	32084
6203	31748
6153	31708
5592	31262
4929	32600
4715	28630
6281	31806
4922	30738
6038	31615
5927	35324
4118	33861
6160	33582
4821	34410
4658	32381
5459	34946
5755	33259
4511	34149
4228	30201
5411	34894
4651	28584
4883	30716
5854	29559
6009	29689
4495	30432
6348	29975
4789	28682
5758	35177
5599	29339
5716	31364
5723	29440
5190	30940
4300	30264
6065	33519
4400	32206
4497	30433
4866	32553
4056	33818
3974	33771
4462	32249
5790	35211
5955	31544
4703	30588
5169	32790
4772	28670
4022	33798
4811	28701
5388	32952
3975	33772
6039	31616
4024	30036
4710	32424
5145	34679
6325	35623
5402	34883
6099	29783
5483	34962
4490	34136
5008	34554
4037	33805
3998	30022
5099	28928
6227	31763
5903	35305
4893	34475
5214	29007
4762	30625
5831	31459
4818	34406
5081	34630
6258	31796
4450	30393
5685	35127
4767	32464
5409	32977
5205	34726
6116	29793
4270	32122
4498	28455
4997	34546
4326	34010
4355	30314
5753	35170
4292	28308
6036	35413
5666	33186
6093	33545
5682	35125
5522	29282
4760	32456
4009	33793
4896	28765
4176	30165
4250	30219
6044	29725
4491	28449
6001	29686
5544	35017
6071	31644
5429	34917
4260	28291
4275	32124
5578	31254
4822	32521
5225	34740
5028	34578
5896	35299
4872	32561
6219	29872
5127	32750
4473	28434
4258	33963
4012	31912
4175	28209
6338	29963
6321	31841
4607	28555
4833	28721
5147	32762
5360	29133
3959	31874
5082	34631
6250	33661
5908	33401
6316	31838
4052	30057
4476	30416
5860	33368
6005	35391
4936	34501
5318	32911
4216	32071
6129	31702
4660	30546
6123	31697
5550	35023
6171	29830
5135	32759
5079	28915
5458	31147
5851	33359
4731	28644
4808	32511
6169	29828
6061	31633
4478	30417
5048	32691
5272	32867
4733	28645
5621	33158
4332	28339
6224	33633
4881	30715
4575	34218
5271	34780
6355	31869
4863	32551
5130	28953
4729	32436
4608	34246
4036	28098
5930	35327
5953	29653
4448	32236
5702	31351
4960	28809
4104	33847
4066	30069
6015	33480
6058	31626
5193	34718
4489	28446
5568	29317
4076	33832
4472	32260
5900	33396
5669	33191
6110	33556
6201	29853
4985	28834
5665	35117
5064	32708
6345	31866
6094	31667
3984	31891
4487	30423
5600	35065
5614	29353
5117	32743
4574	28531
5985	33450
4530	34177
4486	32266
5063	30842
5286	29073
4253	32110
4625	28568
5394	31086
4246	32102
4742	34355
4770	28668
5068	34616
5905	29606
5671	31331
5054	32696
7139	40171
6555	39488
6601	39542
6418	37533
7426	38861
7666	40808
7592	42454
7376	36958
6476	35811
7616	42486
7568	39035
7408	37013
6533	39453
7396	40512
7501	42341
6884	41558
7237	38610
6479	39385
6382	40926
7669	42541
6466	39372
6611	35988
6736	36163
7416	42227
7441	38874
6966	41655
6378	39263
6863	38107
7362	36947
6883	38139
8489	44340
7779	43733
8665	44484
7844	46080
9009	44801
7761	42638
8810	44625
7963	43907
8339	46485
8927	43635
7787	43740
7842	42698
8318	46472
9026	47059
9187	48334
9700	49889
9202	48354
9613	47763
9111	48249
9259	49430
9144	49299
9177	50365
9308	50483
9277	50455
9135	47164
9241	48396
9900	48051
9178	47215
9775	48957
9832	47984
9293	47356
9763	50967
9165	48309
9665	47826
9424	48610
9846	51046
9342	47423
9475	49660
9477	49664
9678	48857
9181	48330
9174	49329
9328	48493
9570	49768
9917	51116
9535	48723
9856	49020
9074	49212
9662	49855
9350	50529
9067	47091
9766	49953
10009	50219
9427	47517
9905	50095
9567	48754
9107	49252
9211	49367
9876	49040
9352	50532
9519	47642
9421	47512
9172	50358
10688	52737
11006	53066
10224	54217
10959	53942
10294	53363
10837	53840
11018	54004
10146	52256
10092	51289
10394	54358
10674	54611
10980	53962
10040	51232
11074	57299
11181	58551
11614	55511
11390	57604
11330	56389
12197	57209
11358	57560
11646	55539
12086	59425
11716	59083
11388	56444
11488	58850
12096	57120
11781	59139
11612	55508
11384	57593
11549	58913
11150	58534
11813	55689
11585	56668
11228	57436
11168	57386
11920	56963
11081	56152
11896	59242
11481	56561
12109	56280
12000	55880
12150	56014
11454	55363
11690	57881
11897	56941
11964	58165
12093	58295
11529	57733
11919	59271
11198	55112
12194	59527
11300	58654
12263	56115
12180	57196
11524	57730
11987	57029
11079	57304
11187	58557
11380	57587
11499	57707
11644	56710
12098	58302
11557	56637
11480	57695
11888	59231
12007	59341
11411	55319
11573	55473
11773	56832
11245	56308
12196	56055
11653	59018
11828	56882
11742	59110
12048	55917
11882	56926
11169	55087
11783	55667
11879	58060
11661	55549
12107	58305
11872	59215
11600	56682
12094	57118
11831	58009
11811	59158
11345	55243
11094	55034
11376	58731
11539	58899
11153	57366
11854	56906
11371	57578
11779	59138
11176	55095
12076	59417
12153	59483
13079	60884
12494	61892
12345	61783
12673	59909
12412	59698
13185	60954
12813	62136
12728	61338
12975	61524
12971	62252
13026	62295
12427	59711
12757	61356
12980	61526
12560	60497
12892	60056
12470	61870
12328	59636
12277	60997
13119	61640
12869	60046
12540	60478
12542	61923
12722	61331
13088	62344
13146	60933
12464	59743
12589	61959
13107	62361
12790	59982
13102	61624
13139	61652
12458	59735
12916	60754
12438	61111
12720	61330
12332	61041
12532	59803
12875	60047
12319	59626
13218	60279
12885	62184
13094	60899
12318	61027
12525	61906
12659	60582
12376	60367
12984	62264
12286	59603
12897	60734
12471	61137
12602	60536
12739	60638
13015	60146
13686	63049
13898	62791
13305	62861
13674	63391
13663	62682
13385	63250
13771	63082
13747	63792
13720	62716
13565	62997
13949	62819
13519	62968
13316	62501
13756	63423
13467	63292
13531	62616
13737	63067
13961	62828
13840	62769
13871	62780
13541	62987
13497	63302
13480	63651
13243	63181
13249	62468
13695	63401
13786	63441
13604	63716
13422	62556
13501	63306
13842	63466
13833	62767
13859	63120
13477	62950
13654	63035
13938	62812
13678	63394
13746	63419
13875	63844
13502	62596
13707	62709
13777	63807
13463	62576
13246	62463
13528	63681
13942	62815
13684	63395
13916	63868
13939	63167
13800	63451
13863	63837
13705	63057
13816	63456
958	25465
312	14253
1714	26087
2508	19812
3095	16714
2089	19451
1971	19335
3236	27407
223	24777
2491	16141
1846	22750
2134	26454
3421	27591
1243	25706
2548	23334
3269	23951
1893	15653
326	14264
3379	16996
3893	24534
3145	23842
292	14231
2830	20106
863	14787
22	24605
1858	22766
745	18212
2377	19706
415	21411
2422	16073
893	25404
1571	15405
855	21861
463	21466
883	18359
3408	20636
1635	19052
3345	16965
2458	26742
143	21184
1980	15717
2969	27164
3193	16801
123	24684
1631	22557
2935	23661
1636	26021
3092	23802
1638	22563
1592	26001
2770	20039
3895	17485
2902	27110
2277	26594
2137	22993
1602	22538
357	21363
1404	22346
3035	20278
1819	26197
1630	22556
872	21877
3449	27618
1432	15305
1528	15377
2413	16065
2911	16531
3704	24347
203	21226
1251	18699
3887	24526
461	17959
2817	20098
3566	20757
3134	27319
614	21615
333	24875
1197	15069
2705	26965
1159	18615
690	25222
1625	22549
2138	26457
1274	18719
505	18005
2745	20011
571	18071
3615	27759
2602	19887
2022	19375
2667	23431
2478	16129
1914	22803
2596	19879
1470	15336
2131	26447
1587	15424
618	25146
3435	27603
1096	22072
2450	23240
1236	25699
3572	17181
3215	16821
1037	14937
2252	26576
92	17614
3741	27859
355	21359
1172	22146
3261	20485
486	25006
752	18224
1607	19027
3832	27931
2416	16067
1692	19087
2027	22885
2044	19395
734	18198
1087	14984
1546	25974
1076	22056
3580	24235
1954	26306
1873	26241
1597	19016
3883	17474
926	14840
2007	19366
2234	26561
945	25449
1331	22285
737	14663
1749	15550
482	21484
3144	23841
3749	27865
2098	15814
2948	16562
2025	19376
662	18141
1539	18976
485	17979
149	24701
5853	31474
5375	29144
5627	29362
4230	33937
5444	31133
5659	29384
6331	35628
5283	32878
5960	31547
6225	35551
5552	33115
4116	28160
4707	34321
4635	34269
5478	33045
4967	32629
5538	31216
4571	28527
5976	35366
4306	30271
4238	30213
6117	35475
4538	30460
5431	33004
6299	33704
5846	31470
4859	28736
4638	32362
4659	30545
4749	32450
5490	33054
4391	30349
5115	28942
6208	33614
6305	33715
4313	30276
5440	34928
4415	32213
5560	29311
5967	33440
6317	29950
5830	35247
4221	32074
4840	34425
5026	32675
4293	33986
5039	30827
4837	34421
4722	32434
4157	28186
6176	31726
4447	32235
5253	34758
6837	39823
7724	37423
6540	41141
6910	38172
7595	39071
7494	37138
6814	38024
7731	42604
6667	37830
7339	40431
6775	39761
7321	42110
6949	41624
7371	42167
7694	42565
6845	39834
6597	41183
6548	39477
6406	35706
6820	41467
6502	39420
6701	36111
6465	35798
6935	38208
7334	38746
7382	36968
6941	38222
7257	36802
7026	40050
7013	40032
7572	42420
6689	39640
7298	38705
7290	38693
6525	35874
6711	37890
7573	37250
6903	38161
7319	40408
6550	39483
7079	41801
6928	41600
7476	40599
6402	40955
7211	41956
7585	39059
7066	40102
6423	40982
7584	40734
7489	37131
7635	39122
7060	41782
6959	38245
7737	42607
6400	37519
7119	38467
7708	39203
6395	39283
7262	36818
6706	39661
6948	39956
7508	40644
7289	38689
6564	37721
6961	41646
7106	36629
6405	40961
7368	40474
7010	38301
6962	38249
7517	37183
7574	37252
6594	35959
6830	36299
7612	37294
6975	38270
6957	39965
6709	39665
7410	42221
6577	37736
7670	37351
7203	38584
6806	38012
7427	38862
6499	39414
6613	41208
6488	39394
7633	39119
6798	41443
6420	37537
7378	38809
7554	37225
7401	36998
6366	37466
7723	39218
7673	39157
6425	39318
7389	36984
6726	39691
7624	39106
7248	41991
7246	40315
7101	38446
6851	36328
7050	38366
6407	35708
6713	39669
7709	37406
7480	37119
7072	36592
6874	38122
7520	40657
7156	41893
6885	41561
7114	38460
6439	35759
7582	39057
6393	40944
7468	38915
6437	39333
8836	45810
8441	43236
8288	46448
8963	47009
8590	45594
8847	45820
8007	45066
8666	46768
8315	43132
8342	43152
7792	46029
8466	46587
7819	46058
8743	46831
7983	42809
8942	44735
8628	45621
8950	44743
9045	47074
8224	44114
8351	46499
8296	45339
8199	43000
8914	44708
8901	43616
8595	46703
8930	45889
7979	43926
7747	44835
8616	46720
7964	45015
9031	45982
8563	45570
8125	44042
8811	45791
7969	46180
8026	46218
8772	45763
7817	44880
8285	44163
8709	44530
8686	43456
8626	45619
8025	42846
8311	45358
8205	46367
8133	44044
8203	44099
8754	45741
8878	43594
7959	42784
8861	43581
8175	42976
8973	44767
7791	44853
7910	43856
7857	46086
8241	43041
8272	45303
7971	43919
8854	46928
9040	44818
8809	43542
8978	43673
9664	50866
9503	50676
9884	50073
9547	48735
10433	54394
10050	52144
12233	56090
11865	58046
12116	55983
11795	57981
13058	60872
12364	59667
12409	61092
12359	60357
12546	59808
12890	62188
12306	61746
12645	60571
12954	62241
12843	60028
13464	63641
994	21984
1521	18958
906	18388
1444	18883
2102	15815
918	14832
2697	19973
3891	24531
3179	23877
2718	16336
993	25508
1698	15510
3947	21059
3634	24288
3448	24129
1137	22108
36	17570
2245	15934
6158	33581
5870	35282
4137	33880
6177	33593
4185	33912
6985	36507
6539	41137
9911	49081
10590	51689
10750	53757
10892	51981
10560	53581
11903	59247
11453	57675
3794	24432
1263	25717
3016	27204
961	25469
176	24727
1603	19023
2360	16019
798	18265
1543	22492
908	25419
3585	24240
1828	22722
3426	17042
2423	23217
2521	19823
1152	25634
3900	24536
998	14909
2764	20033
3889	27979
703	25239
1656	15482
697	18169
2356	16017
1926	19300
354	24892
2761	16383
835	18313
2171	23013
3666	20847
2890	23629
4611	32345
4738	30609
6012	35394
6833	36303
6556	41153
7069	41793
8041	42868
8583	45592
8880	46953
8062	46639
8497	43291
8808	46878
8413	46546
8835	45807
7853	42707
8188	44084
8822	43550
8002	46201
9849	49010
9877	51078
9326	48490
9223	50415
9624	47775
9695	49878
10007	48168
9280	47341
9657	47814
9395	49573
9733	50923
9921	50121
9338	50509
9537	47668
9195	49345
9530	49721
9353	50533
9541	49732
9399	47491
9500	47613
9236	50423
9974	51173
9818	47966
9082	48216
9554	50737
9565	50747
9719	47883
9836	48997
10006	51207
9226	48376
9143	49297
9148	49303
9602	48784
9203	49352
9566	48752
9382	49564
9786	50983
9101	49245
9688	47848
9441	47538
9322	48487
9384	48560
9939	48099
9983	51179
9377	50552
9057	50234
9151	49305
9139	50324
9548	50731
9219	47273
9124	50307
9670	48855
9179	49334
9121	48258
9251	48405
9390	47479
9669	48853
9128	47150
9848	50037
9879	51083
9402	49575
9594	50780
9140	49294
9817	47881
9471	48661
10000	50208
9591	49794
9405	47496
9880	51085
9169	50351
9073	50261
9167	47204
9898	51097
9376	47460
9714	48898
9417	47505
9380	49561
10654	52703
11035	53089
10523	51633
10657	51774
10879	51969
10814	53809
10950	53937
10726	51841
10385	52450
10228	53305
10361	51503
10655	53678
10801	53794
10473	54430
10684	53704
10922	53912
10867	54816
10416	53464
10809	53806
10640	51757
10278	51443
10632	51748
10128	52236
11026	54011
10766	53772
10156	53232
10126	51322
10713	54648
10991	53032
10463	53502
10288	52368
10764	54696
10256	51430
10547	54504
10407	53454
10111	54121
10316	53382
10356	51495
10093	54100
11028	53082
10703	51825
10769	52824
10627	51740
10618	53644
10038	52133
10364	51509
10096	53172
10039	54046
10220	54212
11024	54009
10329	51479
10391	52456
10450	53489
10780	52834
10487	51596
10761	54694
10355	52429
10365	54340
10534	53565
10876	52936
10342	54321
10981	53963
10965	53947
10138	54150
10078	53148
10757	52814
10774	52831
10895	52951
10067	53136
10445	52505
10671	51788
10438	51566
10112	54123
10858	53859
10753	53760
10770	54701
10240	54231
10359	51502
10493	53526
10041	54048
10705	54645
10453	54415
10196	54193
10669	53684
10341	52414
10425	52488
10221	54213
10894	53883
10444	52502
10998	53049
10157	51350
10850	52911
10966	52053
10884	53873
10398	53444
10074	51269
10527	51636
10234	52327
10489	53516
10915	52017
10344	52417
10933	52981
10467	51578
10396	54359
10304	54293
10707	51829
10588	53610
10472	53508
10158	51351
10662	54596
10772	51873
10086	53161
10608	51724
10710	52763
10442	51568
10673	51795
10187	52297
11934	58125
11043	56126
11510	57720
11212	58574
11299	58653
11102	58490
12243	59561
11802	57987
11801	57985
12160	58343
12002	58199
12035	55907
12062	55932
11151	57362
12203	58375
11511	58879
11429	56505
11876	55752
12182	57197
11209	58572
12216	58389
12230	56086
12247	59565
11490	58851
11676	56736
11295	57503
11871	55750
11417	58781
12136	56002
11733	59106
11704	57904
11256	56316
11322	56375
11566	56645
12165	57177
11543	58907
11072	55005
11712	59076
11184	58555
12004	59337
11305	55205
12142	59478
11126	55061
11545	55444
11861	58042
12939	61496
12957	60787
12534	60474
12581	59839
12703	62044
13242	62832
13906	63147
3641	24291
3334	20555
72	21119
3089	16710
2634	26895
494	17987
3280	20502
4001	28078
6156	29822
6133	29803