1349	21418
3448	28244
4255	33444
4769	37657
5812	43723
2163	19172
1028	20932
1562	21743
1118	17587
3589	30330
3459	28252
3246	29875
3145	27810
2423	26867
2978	27558
3453	28247
2278	24788
3662	28515
3766	34171
3726	30513
3781	35873
4541	32179
4194	33329
4027	31159
3836	35961
4165	36641
3693	30454
5272	39447
4823	38820
5337	41794
5134	41520
5292	39468
4902	37834
4714	37574
4709	38689
5478	44123
5751	42584
5873	45855
5920	43898
6601	48704
6152	48142
6410	47502
6172	48164
6036	47982
7205	50453
6819	49925
7448	50801
6824	51086
6782	53331
7970	55548
7868	56141
7654	54503
7829	56105
7851	54733
7613	55853
8275	58032
8535	57490
8155	57611
8401	58465
8611	58227
8271	57321
8536	57832
8276	57689
1010	10325
813	20634
795	10026
995	10313
2114	15634
77	15955
715	13449
689	20422
2186	12171
422	9425
278	19784
1825	22120
61	15939
1683	14952
440	13000
355	12880
1300	17860
442	13004
1923	22295
1525	11039
859	13711
1875	22200
663	13351
1463	18099
434	20042
1621	21828
2246	19325
1342	21400
428	12983
705	20451
1355	17930
1382	21468
630	13294
64	12406
1086	17557
1751	21993
1474	10964
1114	14073
1912	11712
1274	17825
880	17263
2165	19179
1760	22018
2184	22692
250	12696
1357	17932
1449	10936
760	20528
841	13678
1103	17567
260	9148
357	19929
1792	15121
699	13415
387	19989
1170	10541
2032	15501
1540	21704
2521	26961
3610	24683
3167	24046
2501	25087
3458	24466
2960	23729
2518	23139
3398	30094
3602	26561
3478	28274
3416	30115
3565	28371
3068	25817
2945	29417
2706	27190
3030	25770
3560	24604
2303	28570
3631	30378
2624	25246
2371	26806
2406	28703
2570	27021
3414	30110
2713	27194
2367	28659
2525	23142
2331	22896
3614	30357
3006	27587
3154	25946
3227	26058
2685	29061
2761	27260
2807	23524
2697	25351
3362	24346
2268	28538
2313	26718
3669	24754
3413	30108
3236	27931
3438	24445
3613	26571
3420	26314
2983	29476
2447	25016
4173	33259
4047	34694
4462	33830
3926	34465
4329	33597
4346	36993
3761	35830
4297	35219
3966	34555
4151	31397
4373	35354
3799	30675
4307	35240
3830	34304
4034	31173
4026	31155
4524	32135
4250	35110
4309	33558
4502	33901
4496	37268
4089	34781
3806	32468
4057	31226
3982	36243
3673	32230
4182	33285
4340	31778
4380	33696
4440	31998
4511	37299
3696	35704
4041	31200
3733	34112
4347	36994
4338	31772
4204	33349
3823	34289
4351	35304
4148	36595
4877	38871
4731	37606
4922	41213
4583	37431
5093	38148
5214	40538
4808	39941
5267	41705
4800	38798
4842	38835
4659	37509
5130	38187
4970	37931
4818	38815
4628	37473
5188	39318
5215	41631
5374	40762
5212	41623
4918	38925
5071	39163
4566	37401
4797	37695
4704	37562
5224	40548
5156	38224
5345	38456
4987	41298
5016	39086
4658	38617
4642	39699
5838	42752
5941	44969
5388	43970
5643	44441
5534	42136
5735	45605
5773	42618
5905	44915
5551	43269
5956	43951
5804	44698
5426	41928
5439	41948
5495	45188
5557	42193
5819	43730
5407	43004
5604	43360
5469	42002
5637	44431
5569	44317
5493	42048
5705	45548
5660	45461
5902	45894
5572	43305
5716	45563
6549	49594
6393	49362
6043	47996
6016	47947
6327	48353
6213	49138
6462	47574
6584	47747
6196	47214
6282	47318
6199	47216
6420	49402
6274	47310
6323	47382
6150	48141
6049	47036
6577	48667
6064	46132
6140	49051
6448	46621
6321	49279
6074	46156
6451	49435
6541	47697
6463	47575
6284	48302
6533	49570
6146	46224
6077	47077
6638	47815
6461	49450
6437	47536
6513	49527
6285	49225
6053	48004
6392	48448
6201	49115
6576	46772
7351	50668
7160	50404
7511	54348
7228	52785
7257	50522
6814	49920
6685	53224
6719	53264
7016	52506
7159	50403
7204	53922
7174	51599
6868	49984
6884	50005
6936	51257
7286	54036
6921	51230
6828	51092
6789	51047
7170	53894
7188	51623
7429	53101
7066	53745
7418	54235
6786	53338
6959	51290
7383	54179
7234	50503
7227	53952
6852	53416
7489	53174
7273	51708
7139	50372
7099	50314
7362	54137
7477	54312
6843	53409
7240	51679
7111	50329
7372	51850
7004	51359
7114	51506
6758	52153
7427	54244
6975	52454
7440	54254
7162	51574
7442	51938
7259	52830
7117	52643
7060	51447
7484	53163
6847	51122
6791	53344
7118	51509
7311	51764
7413	50753
7001	53650
8029	57077
7847	54729
7726	56711
7742	55290
8027	54932
8028	55625
7857	56133
7986	55559
8004	54909
7848	56857
7617	55145
7911	56196
8096	55016
8095	55015
7558	56528
7664	54525
7880	56897
7842	56849
8000	54897
7605	56575
8075	54980
7627	54475
7740	56005
7628	55162
7616	54453
7580	56555
7675	55209
8088	57160
8056	56392
7667	56649
8053	55667
7557	55798
8089	55006
7620	55149
7584	55829
7770	56034
7806	56794
7999	56314
7964	55537
7968	56267
7815	56810
7756	56025
7634	56610
7570	56545
8097	55017
7541	56506
7871	56882
7538	55781
7760	54628
7850	56859
8016	56342
8196	57977
8307	57341
8367	57377
8360	57735
8398	57402
8521	58179
8270	57685
8203	57281
8659	58263
8482	57808
8316	57714
8211	57654
8217	57995
8374	58092
8209	57650
8396	58105
8691	58279
8601	58594
8412	57416
8578	58206
8559	58197
8385	57397
8200	58348
8537	57833
8371	58453
8289	58396
8201	57981
8707	58290
8678	58270
8609	58226
8702	57576
8239	57668
8589	57520
8158	57245
8378	57394
8422	57423
8636	57541
8170	57964
8697	57925
344	12870
1489	21622
911	13783
2197	12196
1049	20971
2055	11952
1778	18560
226	16168
1702	18454
2035	18975
1629	11215
1826	11550
2109	12022
1883	18722
1147	21104
940	17343
542	20207
136	12495
1808	11525
1622	21829
256	12712
1905	22256
1835	15183
176	19608
891	20751
443	9454
812	17124
619	16799
732	20482
1891	15277
1336	14407
1902	18754
1101	21039
1371	17955
685	20413
1318	14385
568	9656
1176	21160
164	19595
704	16945
113	12464
687	20416
1175	21158
1609	21806
503	13116
1598	18299
426	20035
604	20313
1897	22236
1802	18596
839	17171
2064	15543
1347	14436
1631	21836
1687	14960
1785	22059
847	17190
1375	10801
1707	14982
1691	21902
831	10088
2053	22494
1177	14187
291	16288
518	16679
806	20619
1717	11372
2039	18983
356	9316
2063	15542
112	12463
1512	14676
709	20462
998	20886
963	17365
2254	19335
329	16356
1069	17529
33	12369
1191	17707
2212	22723
1439	21557
1949	11782
1584	14786
625	16814
800	20609
1306	10721
10	12333
1237	10627
1252	14306
2078	15568
595	13256
711	13444
1961	18868
780	20571
1332	21390
1510	11017
1107	14065
1179	17691
117	12470
1869	22189
1143	10491
2160	22641
1632	14879
337	9293
1978	11815
1600	14811
1968	18882
1645	11253
2112	22585
227	16169
1615	11177
1008	17433
657	16869
2086	22540
1111	21049
1732	15024
1557	11096
57	12397
2256	22797
2084	15576
139	12502
460	20088
858	20712
1816	15157
509	16655
487	9539
56	19450
1308	10724
2070	15552
1343	14423
483	9530
867	20719
992	10308
2037	18980
1215	14258
775	9976
1368	17951
2038	11924
546	16714
2021	11900
343	12865
1720	15003
1275	17828
723	9880
163	16079
1583	11135
1624	18333
1241	21252
1935	18837
206	19666
1648	14897
1887	22211
1292	17847
1903	11688
1532	18202
1374	17959
216	16155
1265	21308
1387	10829
115	8914
52	19436
713	9867
754	17022
1031	13966
162	16077
945	13831
1910	15311
1099	17566
1694	11333
2139	12091
588	16765
1546	11083
1211	17738
254	16212
381	16451
1879	22204
1025	20929
1095	14052
60	12400
165	12534
1795	11500
1122	10461
1156	21123
1626	18338
177	19609
1671	14929
781	13573
633	9747
1617	21816
2156	12117
658	13344
2036	11918
1398	14512
566	13213
1416	21516
1956	22345
572	20258
512	16658
26	15878
1218	10606
2183	19226
1851	22160
853	17214
479	9524
6	15851
1	12316
2018	11889
2188	22693
1490	14638
2023	11905
1050	13992
1212	21208
448	13011
1596	18297
75	8861
1739	15036
1060	10386
1517	14683
1793	22068
2111	22582
383	16458
573	16745
855	13706
577	13236
1606	21800
1651	11260
142	16041
263	16234
1695	21913
2260	19355
156	12517
673	13367
1396	10844
1186	17700
244	19729
2361	24900
3473	28272
3530	30246
3457	30167
2309	26713
3101	25864
2295	22857
2708	25363
2400	24958
2379	22972
2714	29096
2354	22938
3572	24631
3304	26171
3229	26059
3575	28389
2907	25602
2281	26667
3164	24044
2398	23001
2610	23259
3555	30278
3284	28006
3574	28385
2308	22871
3482	28287
3585	26542
2962	29447
3668	26639
3336	30015
3043	29570
2932	23688
2276	22835
3597	30342
2368	24913
2387	22986
3506	30224
3342	28120
2758	27250
3051	25785
2724	23407
2742	23432
3079	23892
2617	27089
3073	27694
3370	28152
2604	23237
2751	25401
2601	28919
3417	30118
3586	26544
2637	27107
2931	29403
2794	23507
3152	29730
2466	25044
3022	29534
3435	30143
3533	30249
2656	29028
3063	29600
2686	25335
2566	27014
2598	28916
2500	26948
2390	26824
3188	27880
2767	29165
2440	25008
3176	29779
2621	27092
3177	24063
3403	24406
2682	25329
3003	23775
2330	28599
2484	25062
2821	27356
2833	29263
2324	28597
3415	24418
3609	28450
2297	22860
2967	23740
2618	28960
2828	25502
2322	28596
3271	24184
2691	27176
2401	26839
2937	29410
3367	30057
3554	30276
2977	23744
2547	26987
2757	25416
2655	23332
3111	23958
3262	27968
3539	28340
2436	26888
3642	24720
2790	27305
2347	28625
2267	22823
2413	26853
3569	26517
3496	28300
3544	26477
2892	23638
3214	26031
2834	27369
3427	30127
2715	23399
3617	26575
2831	25507
3265	26110
3470	26384
3397	30093
2759	23448
2349	28630
2506	28812
3550	28351
3132	25911
3027	25760
2777	29179
3156	29738
3000	25718
2675	27150
3100	29653
3136	29715
3298	28028
2600	28918
2411	24970
3107	29663
3067	27688
2671	23353
3429	28211
2810	25485
3355	24328
3450	24458
2351	26769
3276	27993
2552	25154
2589	25201
2470	23097
3625	26593
3661	24744
2674	29051
2760	23451
3302	29946
2965	23738
3217	24108
3279	26133
3288	28010
3594	28422
3283	24209
2989	25709
2457	25033
3487	28288
2536	26975
2314	26720
2591	25202
3309	24252
2934	25633
2801	27322
2442	25011
2316	28587
2272	28540
2568	27018
3317	29980
3419	26313
2703	25357
2979	27559
2754	23439
2527	28833
2300	28567
2771	23470
3091	27721
2274	28541
3570	24626
2868	29314
3471	26385
2302	24805
2709	27193
2963	29448
3645	30392
3099	29652
3510	24552
3153	29731
2839	23558
2333	22898
2586	28905
2737	27217
2897	27453
3328	26207
2875	29323
2362	26786
2533	28837
3059	27677
2307	28574
2455	23082
2283	24791
2395	28690
3366	24353
2935	23697
2741	29135
3583	26532
2301	22862
2961	29439
3385	30074
2946	23709
3315	26190
2818	29244
2748	25396
3521	30239
3005	23776
2745	25394
3338	26228
2884	29340
3297	29940
2775	29175
3162	27835
2607	23253
2926	29399
3604	26565
3502	24537
3159	29741
2561	25162
3266	29896
2750	27233
3105	27746
2999	29495
3523	24562
2439	26891
3109	27751
3352	26241
2592	23224
2869	29315
2662	29035
2392	26825
2836	25522
2476	28779
2497	25083
3296	29939
3361	30049
2596	28912
2453	23077
3469	30182
2305	22866
3254	27955
3507	28314
3264	29894
3171	24051
3233	27930
2502	26949
2743	27225
2292	28562
3212	24099
2820	23534
3008	29503
2381	24934
3393	26294
3603	24675
2426	24988
2334	22899
2779	29181
3476	24494
3219	26041
2876	29328
2587	23218
3442	24455
3186	29791
3184	29786
3492	26413
2976	25693
2996	27576
3119	29686
2432	23060
2728	23412
2441	26893
3209	26023
2778	27290
3011	29509
2393	26826
2887	29347
3381	30068
2803	27330
3118	29684
3579	24641
3095	29649
2930	25628
2956	27519
3165	27846
3441	30150
2734	23421
2577	23203
2431	28732
2294	26681
2380	22978
3652	24732
3643	26610
2647	23324
2783	23490
3029	23826
2964	27531
2298	24804
3556	30279
3081	23902
2263	26643
2927	29400
2544	28851
3598	28430
2343	22921
3576	30307
3311	29962
3390	28170
3444	28236
3640	26607
2312	24826
2472	25048
2336	26734
2578	25185
3124	23980
3280	24205
3358	28137
3446	30160
2838	29270
2512	25102
3061	27680
2465	26917
2402	26840
3532	26471
2677	25315
3528	26466
3187	29792
3553	24599
2959	27528
2925	23684
3135	25916
2482	25060
3353	28128
3646	30394
2727	23413
2769	27280
3551	24597
2851	29290
3485	26402
2396	24949
2579	25186
3552	26487
2877	27432
3591	28418
3269	24179
2905	27460
3034	27636
2279	24789
2729	23414
3228	27927
3534	28337
2483	23108
3529	26467
3581	28402
2808	25484
2633	28987
3637	24714
3261	29892
3031	29549
3657	24739
3665	26638
3564	28370
2796	27320
2629	27100
2957	23722
2725	27205
2649	29015
2704	29089
3249	24157
2306	22867
2640	23312
3400	30096
3418	24422
2559	27005
2360	28651
3275	26120
2849	23578
2342	28616
2325	24838
3455	28249
3483	26395
2992	29487
3635	30381
3619	24692
3294	26159
2916	23667
2583	23215
3128	23988
2923	27487
3201	24086
2332	28601
2481	23106
2468	25046
2576	27029
3137	29717
2802	27331
3384	28165
2560	23183
3257	27960
3516	28325
3567	24622
2862	23603
3465	24482
3253	29886
2914	27477
3561	26497
3659	26635
3508	26436
3004	29499
3501	24536
3394	24387
3285	26144
3464	26376
2277	26660
2582	25192
3218	29834
3222	24122
2949	27512
2631	23300
3436	28219
3542	28342
3225	24123
2612	28946
2581	27035
2912	25611
3042	23842
2407	23020
2644	23321
2399	24955
3036	23835
2429	26879
2543	23161
2659	23337
3094	25855
2425	26871
2733	29124
2752	23437
2917	29385
3387	24375
3258	26100
2909	27465
3017	25748
3368	24356
4086	36450
4170	34940
4339	33608
3791	30649
3807	34257
3974	31042
3835	34311
4017	36312
3718	32302
3930	32690
4247	35102
4109	34829
4357	35317
4354	33630
4518	35577
4467	37223
3963	31027
4313	31727
3755	30580
4472	37237
4248	33425
4484	37255
4448	33804
4341	31782
3792	34222
4269	35154
4407	31930
4197	31498
4532	35608
4331	35281
4402	37110
3705	35727
4021	36327
4223	33379
3758	34154
3691	35695
4219	33374
4519	37310
3749	34141
4494	32085
3827	34297
3847	30757
3931	30932
4348	36996
4358	33643
4486	37258
3727	30515
3956	31011
4294	33526
4075	36424
3687	34032
4008	32876
4305	31716
3940	30961
4020	32908
5036	39109
4577	38502
4904	37838
4668	37526
4898	40047
4897	37822
5269	39439
5145	39253
4623	40849
4952	37912
5350	39570
5195	40506
4569	37407
4770	39891
5235	39394
4700	38676
4958	41254
5305	38404
4581	38509
4621	37467
4947	41241
5364	41828
4968	40152
5911	42874
5517	43189
5466	43103
5782	44658
5476	43123
5718	42532
5656	42390
5412	43018
5591	45340
5513	44199
5436	44068
5558	43280
5655	42388
5761	42600
5461	45134
5540	45252
5523	45224
5428	41933
5874	42808
5503	43165
5827	45762
5886	42820
5462	41984
5815	43726
5839	42753
5602	45371
5531	42125
5692	45528
5808	45736
5452	43078
5756	42595
5425	43038
5608	43379
5774	45652
5897	43859
5847	45815
5881	43826
5555	42192
5636	44429
5457	43083
5638	44433
5764	43626
5464	43099
5460	44098
5903	45897
5548	43262
5688	44537
5893	45885
5520	43196
5670	43492
5682	42460
5843	45804
5624	44401
5856	43789
5391	43981
5754	44624
5738	42568
5560	45298
5387	41860
5809	44722
5953	44988
5610	42286
5889	44864
5687	43523
5409	44021
5483	44136
5698	44561
5867	43809
5561	45301
5663	42411
5607	42281
5833	45784
5708	44569
5459	45127
5901	44901
5690	44542
6414	47506
6101	46175
6644	47835
6230	49154
6099	48986
6611	48711
6144	48132
6523	48609
6478	49466
6538	48630
6651	48773
6044	47025
6086	48049
6250	47278
6010	46058
6209	49127
6403	49380
6623	48731
6076	48037
5970	46001
6004	48856
6945	51270
6696	52068
6769	53320
7070	50280
6915	52373
6878	51158
7279	50548
7049	51434
7468	51978
6894	52329
7092	50308
7390	54194
7080	51465
7140	53852
6913	51213
6676	50898
6985	53619
7206	51638
7397	51889
6910	51205
7184	53908
7042	51418
7069	50277
6911	52362
7028	53682
6745	53303
7084	53769
7209	50458
7050	51437
7370	53021
6801	52205
6760	52155
6920	52384
7291	51732
6702	50921
7274	54011
6982	51330
7339	52967
7409	51049
7338	50649
7507	53190
6950	53570
7438	50783
6968	50132
7122	52650
7346	54115
7363	53009
7469	51982
7275	51710
7319	52934
7395	53064
7012	52502
6674	49755
7290	54040
7146	51545
6780	49881
7465	54296
7450	51952
6857	53423
7518	50884
7278	50546
7455	51965
7402	54213
7008	52499
7332	51798
6701	52073
6774	53326
6907	52356
7018	51369
6994	52476
7090	51479
7399	53071
7032	51406
6981	52464
7266	54000
6732	50965
7342	54110
6931	50088
7044	50242
7178	51601
7164	53885
7424	51922
7447	54264
7464	50823
7293	52885
6816	51077
6833	52244
7467	50824
7523	50887
7097	53787
7357	54132
7322	50620
7197	52752
7222	51651
7156	53879
7368	50686
7260	51695
6761	49856
7045	50243
7186	50436
7258	52829
6704	49790
7103	50318
7407	53074
6762	49859
7251	53984
7061	51451
7396	51887
7223	52778
6726	50953
7207	53927
7356	51838
6888	50012
7508	54338
6711	49803
6904	53500
7020	53668
6749	52135
7337	52959
7235	51675
6901	52347
7371	54159
7183	53907
6765	49864
7385	54186
7344	51813
7439	54252
7444	51942
8042	55653
7672	56661
7858	56868
7576	56552
8079	55694
7800	54678
8031	57078
7779	56045
7623	54467
8104	55723
7886	56905
7565	54407
7830	56107
7988	56293
7985	57021
8018	57064
7632	54480
8064	56403
8110	55728
7642	55170
7954	55527
8119	57208
7888	54770
7862	56873
7839	54720
7874	54753
7852	56125
7989	56295
7722	55266
7937	54825
7659	56639
7564	54405
7966	56262
8121	57211
7526	55766
8067	56409
7684	56670
8015	56341
7927	54815
7723	55267
7707	55247
7894	54782
7709	56692
8033	55634
7827	56100
8040	57098
8048	57113
8087	55702
7592	55838
7793	56061
7657	54512
7745	56728
8061	57130
7908	55478
7872	54751
8058	56393
8046	57111
7690	55227
8082	56421
7655	54504
7948	55523
7641	55880
7826	56099
7599	56570
7725	54596
7566	55810
7975	56279
7698	54572
7929	54816
7555	54395
8126	55048
7933	56953
8054	55668
8007	56326
7554	55796
7694	56675
7792	55351
7606	55136
7741	55289
7919	56203
7990	57033
8012	56339
7797	56064
7532	54372
7940	55503
7661	55906
7753	55305
7841	55407
8011	54915
7817	54701
8498	57818
8708	57580
8679	57560
8185	57630
8487	58160
8479	57451
8247	58019
8701	57575
8565	57851
8534	58547
8549	58561
8144	57606
8415	57781
8584	57860
8528	57485
8399	57766
8409	57414
8230	58008
8179	57259
8722	57588
8298	57703
8362	57737
8195	57270
8556	58192
8318	58061
8370	57385
8538	57836
8194	57637
8730	57597
8626	57538
8651	57549
8377	57756
8346	58071
8332	58420
8714	57937
8136	57950
8142	57237
8506	58170
8581	58210
8427	58485
8644	57891
8166	58325
8243	57673
8280	57325
8663	58617
8349	58075
8628	58235
8620	57536
8640	57889
8302	58399
8330	57719
8189	58337
8472	57804
8373	58091
8510	57471
8711	57581
8187	57631
8491	58163
8215	57293
8513	58174
8548	58188
8656	58613
8350	57365
8519	57478
8562	58200
8261	57682
8474	58149
8444	57432
8570	58576
8313	57345
8139	57232
8435	57792
8368	58450
8715	57584
8496	58164
8408	57777
8695	58637
8242	58377
8468	57444
8376	57754
8712	57936
8151	57239
8593	58220
8645	58606
8515	57826
8606	58225
98	8888
556	20234
179	9022
1367	14468
982	20856
1718	11374
1440	14581
1486	18123
1451	14598
1788	11483
1681	18419
1873	11635
268	12738
1196	14220
2042	18985
1136	14104
1865	22176
123	19546
1430	10910
1293	17849
1553	11095
1063	17519
1222	21223
1967	22360
722	20475
1467	18103
1880	18720
1090	10422
187	9033
1939	11765
729	9886
2233	19303
1811	18611
168	9000
1088	14040
660	20382
1630	14875
498	9556
2157	15674
7	19374
1071	17535
602	16779
197	12591
2182	22686
427	12981
1372	14475
239	16180
1393	10842
515	20173
895	10174
494	16630
264	16235
111	8910
511	13128
1958	15405
934	13821
1922	11734
1862	22175
1414	21511
72	15953
1272	14332
1139	10486
1705	21933
1842	11570
59	19453
931	17326
1688	18430
574	20271
701	13421
941	13828
942	10243
935	20790
1235	14279
783	17072
1784	18571
936	17332
910	20770
1599	14808
2234	12254
51	19434
91	8880
1669	21879
1314	21363
1223	17762
915	17307
205	16132
2223	12241
807	17115
201	12596
1409	14530
35	8803
385	19981
1753	15047
129	19551
1046	20966
1779	11473
930	17325
504	16646
1986	22387
822	10074
873	10146
672	9791
1296	10709
1582	11136
1389	10834
174	9008
1676	11300
2121	19116
107	15995
1927	18811
728	13468
2227	19295
1738	21975
262	12728
1625	14867
2049	15526
1805	22088
347	16384
191	19644
700	9838
1554	21734
686	13384
391	19991
926	17318
1037	20940
1224	21226
2003	22418
321	12838
741	13488
287	12774
1580	14780
324	12840
2080	22528
1499	14656
1157	14144
93	12446
1561	18248
1531	18200
1425	10898
1105	17572
1820	22108
25	8778
1497	14648
842	10105
1219	21216
908	10193
1944	11778
1841	22139
349	19915
1979	22372
1896	15286
640	16841
308	19841
1494	21629
883	10157
1408	18009
644	16844
493	13098
973	10275
718	20468
2052	11950
1852	11590
608	9706
1294	21345
46	12383
826	17143
2146	22628
350	9304
203	16128
691	16915
425	9438
1874	15254
276	19775
433	12993
919	13796
2191	22700
1391	10836
971	13856
1160	17654
1168	14164
421	12967
637	9753
482	9528
881	20743
634	16825
2058	19004
1126	21075
415	12957
1756	11433
1082	21010
913	13785
2224	12243
1999	22405
1908	22270
241	9124
538	9609
601	20310
1830	22121
875	13739
1152	14135
1115	10443
2243	19320
828	17150
1918	15326
1280	21330
551	20218
773	17054
1952	11787
424	9432
710	9866
1566	21748
629	20338
834	17160
1005	10319
272	16253
1810	18610
2151	22634
1202	10583
1693	11331
1868	15236
1159	14145
1919	11727
373	12910
878	13745
1581	14783
275	12748
74	19470
3354	26243
3087	23913
3231	24131
2414	28706
3127	25902
2634	28994
3049	29579
3286	24214
3077	29615
3248	24153
3648	30397
2991	29486
3038	27647
2286	28554
3422	26316
2475	25056
3582	30320
2474	23100
3189	27884
2348	22929
2707	29090
2664	29038
3150	27814
2854	27398
3180	25985
2626	23296
3346	24318
3527	26465
2516	25106
3434	30135
2461	25040
2420	24982
3524	30244
2613	25229
3122	27773
3202	26015
2844	25533
3627	28473
3351	26239
3630	28478
2628	23298
2792	23505
3013	25733
2665	27131
2676	25314
2738	27219
3155	27823
2528	25118
3618	26576
2947	23711
3573	28383
2546	28856
3632	28484
2467	25045
3125	29697
2542	26982
3196	24080
3428	28209
2840	23561
2554	25156
3641	24719
3337	30016
2405	26843
2867	25559
2787	29194
3490	26406
2885	27444
2454	28755
3089	23920
2896	25596
2654	23330
2782	29184
2786	29190
3072	27692
2720	27203
2366	22955
3558	26495
3295	24231
2558	27004
3412	30107
3018	29527
2450	25020
4175	33268
3989	34592
4359	33652
4547	32192
3797	35910
4126	33136
4037	32941
4468	33840
4427	31972
4396	31907
3976	32793
4028	36338
4551	37373
3757	30584
3875	32599
4288	35200
3951	34530
4280	36879
4062	36393
3832	35953
4310	36936
4529	37334
3771	32410
4076	33025
3998	34603
3760	30588
3831	35952
3801	34246
3708	30475
3983	31064
3980	36236
3772	34189
3924	34463
4154	36604
3898	30880
3748	30567
4371	35347
4053	32977
4285	33515
4065	36406
4320	31737
4056	32991
4242	31571
4055	31221
4108	34819
4104	34801
4451	37189
3888	34409
3741	30547
4267	33474
4530	32151
3840	32533
4261	33462
3787	30643
3907	32659
4452	32019
4032	32930
4277	35177
3803	34252
4143	36570
3927	34467
3967	36215
4046	36369
4100	31290
4383	35368
3703	35724
4211	36725
4461	33828
4356	31811
4136	34871
3712	34062
3724	35751
4369	37050
4460	35503
4394	31900
4442	35469
3880	34399
4445	33796
4497	33891
4131	36551
4220	31538
4515	35572
4003	31106
4069	33014
4555	37376
3702	32288
4160	33236
4539	33972
3700	34052
4246	31587
3901	34430
4061	34725
4408	35413
4260	33458
3812	32490
4071	36415
3784	35885
4153	31398
3706	35730
3697	30457
4308	35243
3946	32733
4466	37221
4102	33070
3743	30548
4072	33018
3686	32259
4534	33958
4415	31952
4121	31329
3744	30551
4453	32021
4050	34706
3829	30728
4237	36771
3985	31068
4481	32063
4082	33039
4067	34734
3904	34434
3878	30837
4342	36990
3885	34405
3818	32505
4520	32120
4207	33353
4225	31548
3971	32781
4355	33631
3932	32697
3685	34031
3769	34183
3849	35977
4287	36891
3678	34024
3763	34163
4495	33888
3964	36212
3720	32306
4317	33578
4437	31994
4335	31767
4035	31174
3674	32235
4546	33987
4208	31514
4475	32054
4416	31954
4521	33926
3725	34087
3762	32377
3754	34147
4146	36579
4327	31753
4504	35555
3921	34460
4487	33875
4232	36760
4231	35084
4064	31236
4117	33112
4150	33215
4000	31097
4125	33135
3709	30477
3909	34438
4540	32175
4387	31888
4074	36422
4141	31361
4012	32891
3884	32612
4205	33350
4417	35426
4181	36662
4022	36330
4157	33229
4183	34963
3731	30528
4457	33826
3699	35713
4374	33684
4413	33740
3729	34102
4059	36388
4144	33180
4337	31771
5287	38379
5132	40406
5251	40579
4767	38758
5008	38005
4656	40885
4926	41217
5363	39579
5322	41778
5095	40363
5254	40589
4793	37690
5126	41513
4730	39835
5146	41537
4944	37901
4961	37921
4586	40798
5020	41356
5365	38473
4603	40827
5191	41600
4718	37578
4571	40783
5376	41844
5314	39504
4981	39022
5123	40390
5318	39512
4683	39760
5373	41843
4885	38883
4967	41268
5202	41609
4932	40108
4867	37769
5297	39477
5336	38443
5290	38385
5098	41472
4788	37684
5307	40658
4715	38695
4562	39604
5113	41489
4701	39784
4768	38759
5366	40751
5077	40339
5106	40370
5096	40366
4810	38811
5236	40560
4705	40949
4745	40987
5263	41699
5209	40532
4601	39649
4564	40774
4576	38501
4924	38932
4594	39640
5124	41507
5172	39299
4819	41085
5157	38225
4686	38657
5122	40388
5160	40444
4599	37449
4743	37615
4941	40127
4996	37974
4872	41136
4816	38813
4702	38680
4871	38868
5197	40510
5017	38028
5279	38363
5381	39602
4697	37553
5326	38437
5268	38350
4847	37745
5329	39536
4663	40895
4584	39622
4660	38625
4632	40855
4940	40126
5136	41522
4792	41048
4892	37810
4913	40072
4708	38688
5308	38405
5261	41697
5237	38313
5369	39587
5234	38311
4906	40061
5131	41519
5333	38442
5332	38441
5496	42054
5755	45635
5654	45445
5875	44842
5674	43504
5922	43909
5766	42610
6237	49163
5976	46913
6247	48256
7492	50859
7245	52815
7321	50618
7412	50752
7195	52750
7094	53783
8036	55641
7796	56062
7595	54436
8092	56433
7798	54674
7531	55770
7925	56212
7692	55231
7621	55861
7699	55242
7668	54535
7590	55126
7713	54577
7935	56957
7543	56515
7784	55340
7974	57010
7906	54797
8051	57115
7918	55485
8314	58410
2046	11942
119	19539
581	16753
1972	15421
869	13727
521	13157
1426	18045
827	13652
1203	10584
528	9601
1547	14742
531	9603
2230	19300
1834	18646
1564	11105
579	20277
315	19851
2225	19293
1501	21635
975	10279
2259	15828
1311	17868
2090	19057
1985	18898
1214	17754
667	16877
14	12339
501	13114
1291	10703
3549	28350
3364	30051
2358	28649
3559	28362
3096	25859
2680	27157
2386	28681
4085	31276
3796	35906
5651	42381
5890	43850
5909	43878
6342	46458
6466	48526
6560	46750
6326	48350
7280	54016
6967	52444
8520	57479
1270	17820
2175	19201
735	20486
1736	21973
29	12362
1601	21794
539	9613
557	20238
104	15988
90	19496
916	13792
1364	10788
461	13034
547	13183
879	17261
758	17027
1465	10955
751	20513
1017	13946
2206	22715
522	20188
138	12501
2061	19009
1051	17491
1378	10810
1971	11811
1870	11627
1394	17986
1448	14592
677	20403
2235	19305
583	9678
648	20369
2144	15663
1594	14802
2228	22748
738	13483
403	20008
948	10251
401	12938
1363	10786
1112	14069
5	8749
202	19661
1590	11152
484	13082
1245	17782
2106	15616
1663	18398
2650	27114
3382	28161
2304	26705
2593	27047
2731	25378
2539	23155
3452	30163
3919	34458
3987	31072
4543	37354
3809	35922
4138	36562
4482	33866
4933	38948
4756	37637
4575	40788
4811	41077
5089	40361
5281	41722
5165	41565
5054	41408
5043	38060
5034	38051
5233	41647
4999	41315
5250	40576
4630	37476
4861	38853
4977	39013
5245	38319
4757	41006
4723	39821
5243	39405
4727	40970
5185	38261
5851	43779
5868	45847
5547	43259
5492	45184
5724	42544
5777	44647
5515	45215
5951	42937
5524	42110
5568	43298
5750	42583
5423	41920
5593	44342
5798	45692
5894	44890
5451	45113
5552	45278
5671	42437
5397	45047
5470	44114
5667	44490
5562	45302
5672	44501
5512	44193
5644	42371
5595	42260
5652	42382
5673	42452
5421	45079
5500	45192
5928	45942
5832	42735
5394	42985
5679	45506
5661	42407
5685	45516
5791	42652
5879	44848
5842	43766
5950	45976
5494	43145
5435	44066
5440	44072
5713	43553
5587	45335
5477	44121
5686	43521
5816	43729
5666	42423
5583	44333
5822	45752
5406	44014
5772	42617
5865	43804
5834	43754
5623	42323
5620	42307
5546	43256
5584	43329
5906	42868
5650	43451
5676	44513
5697	45538
5930	44953
5934	45948
5577	45321
5382	45003
5443	44074
5727	43590
5431	45093
5648	45440
5675	45500
5489	42042
5739	44609
5646	43446
5418	45076
5760	43624
5463	44103
5416	43027
5507	43174
5590	42248
5616	44384
5759	43622
5846	44793
5945	44976
5519	44215
5543	42154
5422	41919
5850	44806
5854	43787
5870	45852
5597	44344
5553	42181
5706	45549
5468	42001
5433	44063
5793	42653
5790	42650
5632	43430
5947	44977
5694	44550
5578	45323
5702	44563
5599	42265
5872	45854
5456	45120
5390	45030
5454	41973
5940	43936
5622	42314
5885	45866
5576	42229
5787	43667
5605	42274
5581	44330
5962	47872
6387	47472
6662	47858
6300	46402
6391	46543
6552	46738
6512	48578
6302	49260
6605	48706
6440	46610
6349	48394
6204	47219
6102	48074
5983	47896
6185	46272
6001	47919
6390	48447
6502	48563
6265	49199
6411	48473
6383	47469
6229	47252
6585	48681
6540	49585
6028	46080
6319	46421
6224	48233
6508	48575
6002	48850
6114	48085
6378	46526
6131	46212
6372	46517
6386	47471
6034	47005
6625	48733
6656	48780
6477	48541
6648	47844
6569	49617
6606	47770
6050	48001
6032	46091
6433	49417
6631	47801
6259	48271
6137	47137
6511	48577
6475	49465
6045	46115
6120	46199
6317	49273
6216	48223
6021	48890
6161	48151
6183	46264
6011	48869
6658	47851
6423	46594
6479	47593
6158	49070
6370	46509
6268	47302
6360	48413
5968	46902
6382	46534
5965	47880
6042	47993
6187	46278
6014	48874
6524	49545
6013	47941
5969	48815
6058	48014
6350	47419
6094	48981
6653	48778
6287	48308
6165	46248
6207	47225
6249	48258
6375	48428
6591	46797
6488	47603
6048	47035
6277	46365
6107	48078
6472	49463
6182	47198
6189	49109
6309	48334
6548	47705
6192	47212
6174	49090
6191	46280
6624	48732
6613	48716
6040	48919
6657	49739
5999	47917
6471	47583
6484	47600
6565	47720
5991	47905
6532	47684
6246	47274
6400	46557
6240	46335
6022	48892
6458	49444
6535	48628
6119	49011
6468	48529
6020	46073
6480	49470
6111	49000
6184	46271
6281	48295
6362	46500
5971	48817
6129	48110
6425	49414
6252	49184
6075	48962
6398	48453
6173	47183
6233	47257
6251	46339
6324	49282
5964	46897
6297	49253
6620	49696
6095	48982
6562	48652
6621	46830
6444	46616
6245	47271
6640	47818
6051	46119
6530	47680
6614	46822
6556	48642
6212	48213
5995	46038
6547	46732
6303	46405
6108	47096
6279	48285
6580	46786
6379	47463
6176	47186
6592	47750
6262	46347
6163	47169
6210	49128
6384	47470
6151	49062
6428	46598
6301	49259
6148	47151
6339	48379
6264	48277
6052	46120
6091	48064
6396	49365
6482	46642
6006	47930
6005	47928
6598	46805
6353	46493
6430	47532
6242	46337
5992	46033
6544	46731
6402	46564
6069	47066
6283	48298
6335	48366
7301	52894
6671	50895
6998	52489
6699	50917
6790	53343
6855	53422
6716	53259
7500	54330
7203	52756
7374	51852
7202	52754
7445	53112
7340	52968
7393	50729
7406	51898
7360	50676
6925	53535
7423	50769
7378	50701
6746	52131
7471	53144
6830	51098
6999	53648
7210	50459
6947	51274
7256	50521
7457	51966
7083	53765
6788	53341
7480	53158
7490	50855
6996	50183
7502	54334
6986	53620
7112	51505
7076	53756
6853	52272
7408	51900
7250	50519
6937	53550
7425	50771
7153	53875
7285	50564
7133	52673
7116	50332
7078	52601
6698	52070
7168	52720
7268	50535
6934	53546
6822	51085
6871	51144
7039	51414
7446	51946
7024	53676
7350	52990
6693	49774
7137	53845
7384	51870
6772	53324
7341	54106
6903	52348
6861	49974
7430	54247
6729	49830
7026	50213
7241	52811
7009	50197
7967	56265
7545	56517
7976	55556
7700	55243
7969	55546
7738	54608
7818	56813
7701	55244
7588	55835
7836	56110
8135	57601
8686	57916
8517	57476
979	20853
2093	19060
1917	15324
32	15888
1781	11479
1516	21664
1084	17549
1623	18332
280	12756
1888	15271
2287	22847
3548	24591
2785	27298
3535	24572