1349	21418
4255	33444
4769	37657
2163	19172
1028	20932
1562	21743
1118	17587
3589	30330
3246	29875
3145	27810
2423	26867
2278	24788
3662	28515
3766	34171
4541	32179
4165	36641
4823	38820
5134	41520
4902	37834
4714	37574
5751	42584
5920	43898
6601	48704
6152	48142
6172	48164
6819	49925
7448	50801
6824	51086
7970	55548
7868	56141
7654	54503
7829	56105
7851	54733
8275	58032
8535	57490
8155	57611
8401	58465
8611	58227
8271	57321
8536	57832
8276	57689
1010	10325
813	20634
795	10026
715	13449
689	20422
2186	12171
422	9425
278	19784
61	15939
1683	14952
355	12880
1300	17860
442	13004
1525	11039
859	13711
1875	22200
663	13351
1621	21828
2246	19325
705	20451
1382	21468
1086	17557
1751	21993
1474	10964
1114	14073
1274	17825
2165	19179
1760	22018
2184	22692
250	12696
1357	17932
1449	10936
760	20528
841	13678
1103	17567
357	19929
699	13415
387	19989
1170	10541
1540	21704
2521	26961
3610	24683
3458	24466
2960	23729
2518	23139
3398	30094
3602	26561
3478	28274
3565	28371
3068	25817
2945	29417
2706	27190
2303	28570
3631	30378
2406	28703
2570	27021
3414	30110
2367	28659
2525	23142
2331	22896
3614	30357
3006	27587
3154	25946
3227	26058
2685	29061
2761	27260
2807	23524
2697	25351
3362	24346
2313	26718
3236	27931
3613	26571
3420	26314
2447	25016
4047	34694
4462	33830
3926	34465
4346	36993
3761	35830
4297	35219
3966	34555
4373	35354
3830	34304
4034	31173
4250	35110
4496	37268
3806	32468
3982	36243
3673	32230
4182	33285
4340	31778
4380	33696
3696	35704
3733	34112
4347	36994
4338	31772
3823	34289
4351	35304
4922	41213
4583	37431
5093	38148
5214	40538
4800	38798
4842	38835
4970	37931
4818	38815
4628	37473
5188	39318
5215	41631
5212	41623
4918	38925
5071	39163
4566	37401
5224	40548
5156	38224
5016	39086
4642	39699
5838	42752
5941	44969
5643	44441
5534	42136
5905	44915
5551	43269
5956	43951
5439	41948
5495	45188
5819	43730
5407	43004
5604	43360
5469	42002
5569	44317
5660	45461
5902	45894
5572	43305
5716	45563
6549	49594
6043	47996
6327	48353
6584	47747
6196	47214
6282	47318
6199	47216
6420	49402
6274	47310
6323	47382
6150	48141
6049	47036
6577	48667
6448	46621
6074	46156
6541	47697
6463	47575
6284	48302
6638	47815
6437	47536
6285	49225
6053	48004
6392	48448
7160	50404
7511	54348
7228	52785
7257	50522
6814	49920
7016	52506
6868	49984
6884	50005
6936	51257
7286	54036
6789	51047
7170	53894
7188	51623
7429	53101
7066	53745
6786	53338
6959	51290
7383	54179
7227	53952
6852	53416
7139	50372
7477	54312
6843	53409
7240	51679
7111	50329
7372	51850
6758	52153
7427	54244
6975	52454
7440	54254
7259	52830
7117	52643
7311	51764
7413	50753
7001	53650
8029	57077
7847	54729
7726	56711
7742	55290
8027	54932
8028	55625
7857	56133
7986	55559
8004	54909
7848	56857
7617	55145
7911	56196
8095	55015
7605	56575
7628	55162
7616	54453
7675	55209
7667	56649
8053	55667
7557	55798
7620	55149
7584	55829
7770	56034
7806	56794
7999	56314
7968	56267
7756	56025
7634	56610
8097	55017
7541	56506
7871	56882
7538	55781
7760	54628
7850	56859
8016	56342
8196	57977
8307	57341
8203	57281
8659	58263
8482	57808
8217	57995
8374	58092
8209	57650
8601	58594
8412	57416
8578	58206
8559	58197
8385	57397
8537	57833
8371	58453
8289	58396
8707	58290
8609	58226
8158	57245
8170	57964
8697	57925
1489	21622
911	13783
2197	12196
1049	20971
1778	18560
226	16168
1702	18454
1826	11550
1883	18722
940	17343
542	20207
136	12495
1808	11525
1622	21829
256	12712
1835	15183
443	9454
619	16799
732	20482
1336	14407
1902	18754
1101	21039
1318	14385
568	9656
1176	21160
704	16945
687	20416
1175	21158
1609	21806
1598	18299
426	20035
604	20313
1897	22236
1802	18596
839	17171
2064	15543
1631	21836
1687	14960
1375	10801
1707	14982
1691	21902
291	16288
806	20619
1717	11372
2039	18983
356	9316
2063	15542
998	20886
963	17365
33	12369
2212	22723
1439	21557
1949	11782
1584	14786
625	16814
800	20609
1306	10721
10	12333
1237	10627
1252	14306
2078	15568
1961	18868
1510	11017
1107	14065
117	12470
1869	22189
1143	10491
2160	22641
337	9293
1978	11815
1968	18882
2112	22585
227	16169
1111	21049
1732	15024
1557	11096
57	12397
2256	22797
2084	15576
139	12502
460	20088
858	20712
1816	15157
509	16655
56	19450
1308	10724
2070	15552
483	9530
867	20719
1215	14258
775	9976
2038	11924
2021	11900
1275	17828
723	9880
1583	11135
1241	21252
1935	18837
1903	11688
1532	18202
1374	17959
1265	21308
1387	10829
115	8914
52	19436
713	9867
754	17022
1910	15311
1099	17566
1694	11333
1546	11083
1211	17738
254	16212
1879	22204
1095	14052
165	12534
1156	21123
1626	18338
781	13573
2036	11918
566	13213
1416	21516
512	16658
26	15878
1218	10606
2183	19226
479	9524
6	15851
1	12316
2188	22693
2023	11905
1050	13992
1212	21208
448	13011
1596	18297
1060	10386
1517	14683
1793	22068
2111	22582
383	16458
573	16745
855	13706
577	13236
1606	21800
1651	11260
263	16234
1695	21913
2260	19355
673	13367
244	19729
3473	28272
3530	30246
3457	30167
3101	25864
2400	24958
2379	22972
2714	29096
2354	22938
3572	24631
3304	26171
3229	26059
2281	26667
3284	28006
3574	28385
2308	22871
2962	29447
3336	30015
3043	29570
3597	30342
2368	24913
3506	30224
3342	28120
3051	25785
2617	27089
3073	27694
3370	28152
2604	23237
2751	25401
2601	28919
3417	30118
3586	26544
2931	29403
2794	23507
3152	29730
3022	29534
3435	30143
3533	30249
2656	29028
2500	26948
2390	26824
2767	29165
2440	25008
3177	24063
3403	24406
3003	23775
2330	28599
2821	27356
2324	28597
3415	24418
3609	28450
2967	23740
2322	28596
3271	24184
2691	27176
2401	26839
2937	29410
3367	30057
3554	30276
2977	23744
2547	26987
2655	23332
3111	23958
3539	28340
2436	26888
3642	24720
2790	27305
2267	22823
2413	26853
3569	26517
3544	26477
3214	26031
2834	27369
2715	23399
3617	26575
2831	25507
3470	26384
3397	30093
2349	28630
3550	28351
2777	29179
2675	27150
3136	29715
3298	28028
2600	28918
2411	24970
3107	29663
2671	23353
2810	25485
3355	24328
3450	24458
2589	25201
3661	24744
2760	23451
3302	29946
3217	24108
3279	26133
3283	24209
2989	25709
2457	25033
3487	28288
2536	26975
2591	25202
2801	27322
2316	28587
2272	28540
2568	27018
3317	29980
3419	26313
2703	25357
2979	27559
2754	23439
2300	28567
2771	23470
3091	27721
2274	28541
3471	26385
2302	24805
2709	27193
2963	29448
3645	30392
3099	29652
3510	24552
3153	29731
2586	28905
2875	29323
2307	28574
2283	24791
2935	23697
3583	26532
3385	30074
2818	29244
3005	23776
2745	25394
3338	26228
2775	29175
2926	29399
3604	26565
2561	25162
3266	29896
2750	27233
3105	27746
2999	29495
3523	24562
2439	26891
2592	23224
2869	29315
2476	28779
2497	25083
3296	29939
2453	23077
3469	30182
3254	27955
3507	28314
3264	29894
3171	24051
2743	27225
2292	28562
2820	23534
2381	24934
2426	24988
3476	24494
2587	23218
3442	24455
3184	29786
3492	26413
3119	29686
2432	23060
2441	26893
3209	26023
2778	27290
3011	29509
2887	29347
3381	30068
2803	27330
3579	24641
2956	27519
2577	23203
2431	28732
2294	26681
2380	22978
3652	24732
3643	26610
2647	23324
2783	23490
2964	27531
3081	23902
2263	26643
2927	29400
3598	28430
3390	28170
3640	26607
2312	24826
2578	25185
3358	28137
3446	30160
2838	29270
3061	27680
2402	26840
3532	26471
2677	25315
3528	26466
3187	29792
3553	24599
2959	27528
2925	23684
3135	25916
3353	28128
2727	23413
2769	27280
3551	24597
3485	26402
2579	25186
2905	27460
3034	27636
2729	23414
3228	27927
2483	23108
3581	28402
2808	25484
2633	28987
3031	29549
3665	26638
2796	27320
2957	23722
2725	27205
2649	29015
2306	22867
3400	30096
3418	24422
2559	27005
3275	26120
2849	23578
2342	28616
2325	24838
3455	28249
3483	26395
2992	29487
2583	23215
3201	24086
2332	28601
2576	27029
3384	28165
3257	27960
3516	28325
3567	24622
2862	23603
3253	29886
2914	27477
3659	26635
3508	26436
2277	26660
2582	25192
3218	29834
3222	24122
2949	27512
2631	23300
3436	28219
2612	28946
2581	27035
2912	25611
3042	23842
2429	26879
2659	23337
3094	25855
2425	26871
2733	29124
2752	23437
2917	29385
3387	24375
3258	26100
2909	27465
4170	34940
3807	34257
3835	34311
3718	32302
4354	33630
4518	35577
4467	37223
4313	31727
3755	30580
4484	37255
4448	33804
4341	31782
3792	34222
4331	35281
4402	37110
4021	36327
4223	33379
3758	34154
3691	35695
4519	37310
3749	34141
3847	30757
3931	30932
4348	36996
4358	33643
4075	36424
3687	34032
4008	32876
4305	31716
4020	32908
5036	39109
4577	38502
5145	39253
4623	40849
5350	39570
4569	37407
5235	39394
4700	38676
4958	41254
5305	38404
4581	38509
4621	37467
4947	41241
5364	41828
5466	43103
5782	44658
5476	43123
5718	42532
5412	43018
5513	44199
5436	44068
5461	45134
5540	45252
5523	45224
5428	41933
5503	43165
5886	42820
5462	41984
5815	43726
5839	42753
5531	42125
5808	45736
5452	43078
5756	42595
5608	43379
5847	45815
5555	42192
5636	44429
5638	44433
5764	43626
5464	43099
5460	44098
5548	43262
5688	44537
5893	45885
5670	43492
5856	43789
5391	43981
5754	44624
5560	45298
5387	41860
5809	44722
5953	44988
5610	42286
5889	44864
5687	43523
5409	44021
5483	44136
5867	43809
5561	45301
5663	42411
5607	42281
5459	45127
6414	47506
6644	47835
6099	48986
6611	48711
6144	48132
6523	48609
6651	48773
6044	47025
6010	46058
6209	49127
6403	49380
6623	48731
5970	46001
6696	52068
6769	53320
7070	50280
6915	52373
6878	51158
7468	51978
6894	52329
7092	50308
7390	54194
7140	53852
6913	51213
6985	53619
7397	51889
7184	53908
7069	50277
6911	52362
7028	53682
6745	53303
7209	50458
7050	51437
6801	52205
6760	52155
7291	51732
6702	50921
7274	54011
6982	51330
7409	51049
7338	50649
7438	50783
6968	50132
7122	52650
7275	51710
7319	52934
7395	53064
7012	52502
7290	54040
6780	49881
7465	54296
6857	53423
7518	50884
7455	51965
7008	52499
7332	51798
6701	52073
6774	53326
6907	52356
6994	52476
7090	51479
7399	53071
7032	51406
6981	52464
7266	54000
7342	54110
6931	50088
7044	50242
7178	51601
6816	51077
7467	50824
7097	53787
7222	51651
7156	53879
7368	50686
7260	51695
6761	49856
7186	50436
7258	52829
7103	50318
7407	53074
7251	53984
7061	51451
7396	51887
7223	52778
7207	53927
6888	50012
6711	49803
6904	53500
7020	53668
6749	52135
7235	51675
6901	52347
7183	53907
6765	49864
7385	54186
7439	54252
8042	55653
7672	56661
7576	56552
7800	54678
7623	54467
8104	55723
7886	56905
7830	56107
7988	56293
7985	57021
8018	57064
7632	54480
7852	56125
7989	56295
7722	55266
7937	54825
7659	56639
7564	54405
7526	55766
8067	56409
7927	54815
7707	55247
7709	56692
7827	56100
8048	57113
8087	55702
7657	54512
7745	56728
8061	57130
7872	54751
8058	56393
8082	56421
7655	54504
7948	55523
7641	55880
7826	56099
7566	55810
7698	54572
7929	54816
7555	54395
8126	55048
7933	56953
8054	55668
7554	55796
7694	56675
7792	55351
7606	55136
7990	57033
7532	54372
7940	55503
7661	55906
7753	55305
7841	55407
8011	54915
8498	57818
8679	57560
8185	57630
8487	58160
8479	57451
8247	58019
8565	57851
8549	58561
8528	57485
8399	57766
8722	57588
8362	57737
8195	57270
8556	58192
8318	58061
8370	57385
8538	57836
8730	57597
8626	57538
8651	57549
8377	57756
8346	58071
8332	58420
8136	57950
8142	57237
8506	58170
8581	58210
8427	58485
8280	57325
8349	58075
8628	58235
8620	57536
8640	57889
8330	57719
8472	57804
8711	57581
8491	58163
8548	58188
8656	58613
8350	57365
8519	57478
8570	58576
8313	57345
8139	57232
8368	58450
8715	57584
8496	58164
8695	58637
8712	57936
8593	58220
8645	58606
8515	57826
8606	58225
556	20234
179	9022
982	20856
1440	14581
1788	11483
1196	14220
1136	14104
1865	22176
123	19546
1430	10910
1063	17519
1222	21223
1967	22360
722	20475
1467	18103
1880	18720
1090	10422
187	9033
1939	11765
2233	19303
1811	18611
168	9000
1630	14875
498	9556
7	19374
1071	17535
427	12981
1372	14475
239	16180
1393	10842
515	20173
895	10174
494	16630
264	16235
511	13128
1958	15405
934	13821
1922	11734
1414	21511
72	15953
1139	10486
1705	21933
1842	11570
59	19453
931	17326
1688	18430
935	20790
1784	18571
936	17332
910	20770
1599	14808
2234	12254
1669	21879
1314	21363
1223	17762
915	17307
205	16132
807	17115
1753	15047
1046	20966
930	17325
504	16646
1986	22387
822	10074
873	10146
1389	10834
1676	11300
2121	19116
107	15995
728	13468
2227	19295
262	12728
1625	14867
2049	15526
1805	22088
347	16384
191	19644
700	9838
1554	21734
686	13384
391	19991
926	17318
1224	21226
741	13488
287	12774
1580	14780
324	12840
2080	22528
1499	14656
1157	14144
1531	18200
1425	10898
1105	17572
1497	14648
842	10105
1219	21216
908	10193
349	19915
1979	22372
640	16841
1408	18009
718	20468
2052	11950
1852	11590
608	9706
1294	21345
46	12383
2146	22628
203	16128
691	16915
1874	15254
276	19775
433	12993
919	13796
2191	22700
1391	10836
971	13856
1160	17654
1168	14164
421	12967
637	9753
881	20743
634	16825
2058	19004
1126	21075
1082	21010
913	13785
2224	12243
538	9609
1152	14135
1280	21330
551	20218
773	17054
424	9432
1005	10319
272	16253
1810	18610
2151	22634
1202	10583
1693	11331
1159	14145
373	12910
878	13745
275	12748
74	19470
3354	26243
3087	23913
3231	24131
2414	28706
3127	25902
3248	24153
3648	30397
3038	27647
3422	26316
3582	30320
3189	27884
2348	22929
2707	29090
2664	29038
3150	27814
2854	27398
3180	25985
2626	23296
3434	30135
2461	25040
2420	24982
3524	30244
2613	25229
3122	27773
3627	28473
3351	26239
2792	23505
2665	27131
2676	25314
2738	27219
3155	27823
2528	25118
2947	23711
3573	28383
3632	28484
2467	25045
3125	29697
2542	26982
3196	24080
3428	28209
3641	24719
3337	30016
2405	26843
2787	29194
2885	27444
2454	28755
2896	25596
2786	29190
2720	27203
2366	22955
3558	26495
2558	27004
3018	29527
3989	34592
4547	32192
3797	35910
4037	32941
4468	33840
4396	31907
3976	32793
4551	37373
3875	32599
4288	35200
3951	34530
4280	36879
4062	36393
4310	36936
4529	37334
3998	34603
3831	35952
3801	34246
3708	30475
3980	36236
3772	34189
3898	30880
3748	30567
4053	32977
4285	33515
4320	31737
4056	32991
4242	31571
4108	34819
4104	34801
4451	37189
3888	34409
4267	33474
4261	33462
3787	30643
3907	32659
4452	32019
4032	32930
4277	35177
3803	34252
4143	36570
4046	36369
4383	35368
3703	35724
4211	36725
4461	33828
4136	34871
3724	35751
4460	35503
4394	31900
4497	33891
4131	36551
4069	33014
4555	37376
3702	32288
4160	33236
4539	33972
3700	34052
4246	31587
3901	34430
4061	34725
4408	35413
4260	33458
3812	32490
4071	36415
4153	31398
3706	35730
4308	35243
4102	33070
4072	33018
4415	31952
4453	32021
3829	30728
3985	31068
4481	32063
4082	33039
4067	34734
3904	34434
4342	36990
3818	32505
4520	32120
4207	33353
3971	32781
4355	33631
3769	34183
3849	35977
3763	34163
4495	33888
3964	36212
3720	32306
4317	33578
4437	31994
4335	31767
3674	32235
4546	33987
4521	33926
3725	34087
4327	31753
3921	34460
4487	33875
4232	36760
4231	35084
4150	33215
4000	31097
4125	33135
3709	30477
3909	34438
4540	32175
4387	31888
4141	31361
4012	32891
4417	35426
4181	36662
4022	36330
4157	33229
3731	30528
4457	33826
3699	35713
4374	33684
3729	34102
5251	40579
5008	38005
4926	41217
5322	41778
5095	40363
5254	40589
4730	39835
5146	41537
4944	37901
4961	37921
4586	40798
5020	41356
4603	40827
5191	41600
4718	37578
5314	39504
5123	40390
5318	39512
5373	41843
4885	38883
4967	41268
4932	40108
4867	37769
5297	39477
5290	38385
5098	41472
5307	40658
4715	38695
4562	39604
5113	41489
4701	39784
5366	40751
5077	40339
4810	38811
5236	40560
4705	40949
4745	40987
5209	40532
4601	39649
4924	38932
5172	39299
5157	38225
5122	40388
4743	37615
4941	40127
4872	41136
4816	38813
4871	38868
5197	40510
5279	38363
4697	37553
5268	38350
4847	37745
5329	39536
4584	39622
4660	38625
4632	40855
4892	37810
4913	40072
4708	38688
5261	41697
5369	39587
5234	38311
5333	38442
5755	45635
5654	45445
5875	44842
5674	43504
6237	49163
5976	46913
7492	50859
7245	52815
7412	50752
7195	52750
8036	55641
7595	54436
7621	55861
7590	55126
7713	54577
7935	56957
7543	56515
7784	55340
7974	57010
7906	54797
8314	58410
581	16753
869	13727
521	13157
827	13652
1203	10584
528	9601
1547	14742
2230	19300
1834	18646
1564	11105
579	20277
975	10279
2259	15828
2090	19057
1985	18898
667	16877
14	12339
1291	10703
3549	28350
3364	30051
2358	28649
3559	28362
2386	28681
4085	31276
3796	35906
5890	43850
6342	46458
6466	48526
6560	46750
6326	48350
7280	54016
6967	52444
2175	19201
735	20486
1736	21973
557	20238
90	19496
916	13792
1364	10788
461	13034
879	17261
522	20188
2061	19009
1051	17491
1971	11811
1394	17986
1448	14592
677	20403
2235	19305
583	9678
1594	14802
2228	22748
403	20008
948	10251
401	12938
1363	10786
1112	14069
202	19661
1590	11152
484	13082
1245	17782
2106	15616
1663	18398
2650	27114
2731	25378
3452	30163
3987	31072
3809	35922
4138	36562
4756	37637
5089	40361
5281	41722
5054	41408
5043	38060
5233	41647
4999	41315
5250	40576
4630	37476
4861	38853
5245	38319
4727	40970
5851	43779
5868	45847
5547	43259
5492	45184
5724	42544
5777	44647
5951	42937
5524	42110
5750	42583
5593	44342
5798	45692
5894	44890
5552	45278
5671	42437
5470	44114
5667	44490
5562	45302
5672	44501
5595	42260
5652	42382
5500	45192
5928	45942
5832	42735
5394	42985
5679	45506
5685	45516
5791	42652
5842	43766
5950	45976
5494	43145
5435	44066
5440	44072
5713	43553
5477	44121
5686	43521
5583	44333
5822	45752
5406	44014
5772	42617
5620	42307
5546	43256
5584	43329
5906	42868
5934	45948
5577	45321
5382	45003
5443	44074
5431	45093
5675	45500
5489	42042
5418	45076
5760	43624
5463	44103
5416	43027
5507	43174
5590	42248
5759	43622
5422	41919
5850	44806
5870	45852
5597	44344
5706	45549
5433	44063
5790	42650
5632	43430
5947	44977
5702	44563
5599	42265
5872	45854
5456	45120
5390	45030
5454	41973
5885	45866
5576	42229
5787	43667
5605	42274
5581	44330
6387	47472
6662	47858
6300	46402
6391	46543
6552	46738
6512	48578
6605	48706
6440	46610
6204	47219
6102	48074
6185	46272
6390	48447
6502	48563
6265	49199
6411	48473
6585	48681
6540	49585
6224	48233
6508	48575
6378	46526
6131	46212
6372	46517
6034	47005
6656	48780
6477	48541
6050	48001
6032	46091
6433	49417
6631	47801
6259	48271
6137	47137
6475	49465
6120	46199
6317	49273
6216	48223
6021	48890
6161	48151
6183	46264
6011	48869
6658	47851
6423	46594
6479	47593
6370	46509
6360	48413
5968	46902
6187	46278
6013	47941
5969	48815
6094	48981
6653	48778
6165	46248
6207	47225
6249	48258
6488	47603
6277	46365
6472	49463
6182	47198
6189	49109
6309	48334
6548	47705
6174	49090
6624	48732
6613	48716
6040	48919
5999	47917
6471	47583
6484	47600
6565	47720
5991	47905
6246	47274
6400	46557
6240	46335
6022	48892
6535	48628
6468	48529
6480	49470
6111	49000
6184	46271
6281	48295
5971	48817
6425	49414
6252	49184
6075	48962
6398	48453
6173	47183
6233	47257
6095	48982
6562	48652
6245	47271
6640	47818
6051	46119
6530	47680
6614	46822
6556	48642
6212	48213
5995	46038
6303	46405
6108	47096
6279	48285
6580	46786
6176	47186
6592	47750
6262	46347
6210	49128
6151	49062
6428	46598
6339	48379
6264	48277
6052	46120
6396	49365
6482	46642
6006	47930
6353	46493
6430	47532
6242	46337
6402	46564
6069	47066
7301	52894
6671	50895
6998	52489
6790	53343
6855	53422
6716	53259
7500	54330
7203	52756
7202	52754
7445	53112
7340	52968
7360	50676
7378	50701
6746	52131
7471	53144
6999	53648
6947	51274
7256	50521
7457	51966
6788	53341
7480	53158
7490	50855
7502	54334
6986	53620
7112	51505
6853	52272
7250	50519
6937	53550
7425	50771
7153	53875
7133	52673
6822	51085
6871	51144
7039	51414
7446	51946
7024	53676
6693	49774
7137	53845
6772	53324
7341	54106
6861	49974
7430	54247
6729	49830
7026	50213
7241	52811
7967	56265
7976	55556
7700	55243
7738	54608
7818	56813
8135	57601
8686	57916
2093	19060
1917	15324
32	15888
1781	11479
1516	21664
280	12756
1888	15271
2287	22847
3548	24591
3535	24572