3386	29163
7676	38046
8055	38495
10096	48943
11704	49998
454	23668
2117	17703
3784	22297
4869	26647
6355	36976
5849	30795
7581	36101
5806	34614
5700	36412
6128	36768
7253	31927
7112	31800
6512	35202
8127	43716
9097	39799
8346	40594
7909	40096
8646	39267
8682	42701
9028	41408
8449	42394
7946	41780
10730	47093
9180	45071
10958	49421
9229	48478
9513	48636
10293	47990
10139	47888
10905	49387
12027	52336
11937	53274
11986	50229
11832	52154
13299	55421
12621	53917
13295	56355
12354	56475
12707	56806
14596	60867
14003	59155
13727	58910
14110	58100
13690	60025
14699	64256
14939	62252
15169	63140
14987	63002
15069	62357
15095	63819
15913	65030
15636	65290
16117	66203
15618	64920
15890	65758
16100	65487
15980	65058
16215	66240
5156	19666
107	16466
4603	26501
4450	29872
1897	21046
877	16925
3173	25501
227	16558
1564	28008
4153	29689
4606	19305
5393	26979
3005	18264
544	20179
4111	26134
2355	21360
3667	22214
778	20349
1614	17392
1203	20593
1260	24189
136	27108
2375	28538
1942	21077
5260	23244
2922	21714
2337	21346
1735	20942
1600	24420
2060	28326
957	16981
4042	29623
2042	24720
928	16958
78	27081
3791	18794
2027	21132
4030	26091
3738	22256
3503	29240
3	27026
3704	25863
2099	28350
1296	20654
1076	17056
4677	22859
560	23741
3872	29505
1778	17509
2021	28305
2294	24882
1617	24437
1279	17197
751	23864
2078	28335
3699	25859
2069	24734
4241	26219
6930	31663
7033	37504
6036	30935
6581	33326
7032	33708
6727	37269
7062	35672
6121	34917
5991	34778
6425	35147
7176	31856
7386	37790
6591	37150
7489	36018
5589	36338
7405	35931
6635	37193
6176	36811
6909	31646
7572	34151
5542	36298
7466	35986
6911	37420
6195	34986
5564	32433
6696	31461
5500	32374
7724	34296
7464	32095
7099	33764
6797	35429
5933	36613
6336	35098
5903	32740
5885	36577
6431	31258
5767	36468
6839	35477
5902	34705
6782	33494
7539	36069
7377	34012
5853	36542
5471	34301
6626	31400
6439	31265
5557	34379
8383	40637
8945	44798
8872	44699
8125	40352
8630	40948
8175	38654
8220	40446
8955	41343
8084	41933
7805	39980
8219	43825
8783	41126
8129	38588
8976	41364
8655	44405
9124	43188
8359	44008
7972	40165
8726	42754
8347	42268
8862	44690
8100	38564
8829	41188
8047	43618
8982	39688
8437	42378
8741	44528
8519	42480
8174	40410
8343	42260
9161	41548
8794	41136
8213	43822
8721	44503
8523	42494
7901	41726
8165	43772
8795	42825
8011	41855
9001	44861
9359	45184
10047	45598
10971	47235
10544	46966
9324	45162
9511	45265
9503	48631
9217	47357
9459	45237
9779	45434
10705	47080
10953	47226
10334	46852
10269	46825
11017	47268
10850	49357
9876	45503
10255	47966
10019	47824
10641	49245
9267	46244
10177	48988
9569	47560
10712	48231
10121	47882
10251	49030
9356	47433
9391	45206
9273	45125
10885	48332
9308	48515
11424	52865
12284	51489
11265	49648
11310	52772
11127	49526
11145	50538
11433	49802
11894	51151
11556	49896
11358	52810
12151	52458
12203	51424
11632	49948
11425	50782
12267	53587
12056	53389
12104	52402
11138	49534
11995	50238
11893	52221
12108	51331
12255	51464
11979	53318
11976	52295
11612	53013
11376	50731
12098	53425
13353	55456
12878	55973
13414	57395
13312	55432
12931	54174
12757	55874
12362	55550
12607	56715
13110	57145
13372	54518
13234	56284
13113	57149
12935	56016
12994	56054
12876	56949
12900	56968
12791	54051
12495	54712
12381	53689
13043	55183
12445	54659
13033	54239
12458	56552
12626	56733
12417	54636
12584	55722
12839	56920
12960	55127
12569	55710
12696	53976
13329	56385
12508	56613
12442	55609
12422	54642
13030	56091
12766	54979
13364	54505
12614	54845
13474	59828
13769	57742
13885	61304
13851	59028
13849	59025
14297	59445
14455	59607
13676	61123
13562	61015
13971	60262
13915	61328
13604	58797
14314	60593
14615	58617
14521	60779
13479	59833
14345	58342
14590	60861
13675	60012
14239	58256
14427	61823
13840	57814
13936	57904
14362	61761
13744	58926
13715	60045
14359	61754
14445	59592
14174	61570
13809	60134
13872	59049
13977	59131
13670	57650
14322	58321
14468	61870
14167	60448
13779	57749
14269	61672
14116	59276
14547	60815
14136	60417
13544	58731
14006	57976
13505	59857
13894	57859
14285	61685
14231	58249
13923	57889
14131	59283
13636	57614
14444	61842
13546	59889
14606	58608
14264	58279
14282	60570
14580	61988
14085	59245
13437	59785
15309	62517
15297	63244
14706	62800
15365	64765
15375	63312
15020	62319
15043	63788
14840	63630
14990	64465
14721	63525
15338	63279
15409	63341
15041	62335
14773	64296
14871	64382
15549	62732
15124	64554
15313	64708
15374	64037
15502	62697
14814	63606
15342	64741
14897	62229
15327	62536
15049	63791
15162	63874
15418	64804
15308	62516
15132	63106
15510	63416
15059	63798
14846	62189
15321	63261
15260	63213
15377	64778
15218	64616
15236	63927
14890	63671
15382	62590
14800	64318
15516	63424
14937	63706
14942	64427
14744	62820
15519	62711
15082	63071
14672	63491
15430	63356
15517	64875
14630	62034
14626	63453
16188	65166
15767	64979
16293	65213
15578	65617
15934	65040
15815	65363
16371	66311
15763	66068
15986	66149
16033	65090
15884	65752
15867	65012
15714	65321
15562	65608
15893	65021
15872	65747
15728	64954
16214	65892
15746	64964
16350	65243
15732	65686
15642	65641
15945	65783
15765	65706
15624	65631
15820	64996
15595	66003
16106	66192
15729	64955
16237	65910
16035	65092
16131	65135
15637	64928
16027	65087
16312	65224
16305	65222
15638	64929
16206	66237
16052	65101
466	23671
4141	26153
338	27216
732	27484
3655	25819
1619	20863
4867	19479
4285	19097
5045	30211
1008	24027
1755	28127
970	27645
2304	28495
4728	19385
3470	22087
3345	18496
4651	19341
889	16932
411	23645
3139	29017
3462	18584
1480	20773
627	23780
2170	24794
1606	17385
949	27627
2076	17676
938	23983
4862	30100
496	20151
506	27330
3990	18917
1155	20562
28	19860
1747	28122
4269	19090
3283	21961
476	16691
1702	24500
5301	30366
545	20180
1528	24372
2876	18178
1922	24644
1516	20791
4579	19293
2923	21716
2267	28463
5170	26826
885	16930
4624	26510
553	20187
5121	19643
844	16905
4490	19229
1431	20744
3029	18281
924	20419
2818	18139
774	20342
2347	21352
470	16687
3552	25748
4818	22958
4777	22930
931	20423
224	16557
1700	28100
4113	29659
1696	17452
3186	21894
2673	21557
4021	26087
3041	28967
2806	28814
246	27164
4223	29733
2082	24740
1259	27820
1340	17224
526	16723
1246	17175
3083	21818
1381	20707
2919	18216
4851	22981
5009	30188
5261	26882
976	20448
1790	17514
2085	17681
3567	29284
3538	18639
2439	25008
525	20170
2275	24860
1796	24558
3594	18683
4760	26589
4854	22984
1039	24046
624	23778
1152	27749
2164	28407
4837	22967
2604	25111
3436	18571
5027	30199
2969	18553
4495	22765
800	27527
558	20193
2728	28764
445	23659
5058	19610
4503	19243
3392	29167
3049	25419
4356	26319
3452	18579
1570	24401
1514	24363
2502	17954
2508	25062
2794	28801
2723	28758
1807	28153
660	27434
1417	20730
4972	30174
4618	19314
4894	30122
3610	22169
539	20177
1084	27710
1130	17092
4049	18954
4675	19357
5306	26908
1174	17126
878	16926
2292	17820
3035	18286
108	19907
3132	25474
3983	18914
2051	21149
2251	24849
4454	26392
3044	21795
1324	17214
3893	18851
4715	22882
744	23857
1393	17258
3336	25600
2898	25306
3959	26039
5165	26823
712	20288
2857	25284
3236	21938
2835	21663
1975	21101
2336	28512
3285	29103
4984	23066
4744	26581
2747	25213
5380	26965
3920	22385
1404	17269
4252	19079
5237	19696
2957	28920
1887	17571
214	16546
167	19936
245	23511
3873	25993
3647	25809
2418	28568
985	24011
4312	22627
320	27204
439	27291
3054	28970
1048	27693
4484	22757
1201	17149
2694	28738
2602	18009
1005	20470
1464	27952
2043	21143
1361	27878
4505	26419
4508	29910
459	16683
4658	22851
110	23438
3677	22220
403	16653
1833	28174
1513	17326
4857	22986
2093	17684
1767	24541
4417	29854
2996	21759
5383	26968
5304	19731
4870	30104
1003	27667
1165	17118
4251	22601
4401	29845
190	16532
4748	26583
967	23998
4020	29609
3214	18413
2062	28327
3179	25504
4848	30096
1476	24334
5007	26729
4916	26676
2254	28460
3750	18766
3034	18285
2789	28798
4901	19513
2884	21695
2444	28588
450	20122
5546	32413
7430	35950
7387	34021
5562	30544
6067	34846
5526	34353
6300	36931
6936	35559
6838	35476
7468	35988
6862	31613
7298	33946
7264	37691
5817	32663
6788	33497
5491	36256
7337	33977
7514	36041
7536	36063
5732	36438
6807	31557
7534	37927
6541	37101
6163	32999
5838	34655
7620	32244
5628	30602
7426	37826
6161	36800
6218	36852
7090	35693
7609	32234
7031	33707
5544	36300
6266	31130
5548	30535
6415	31247
6701	35350
7516	32146
7293	33942
6403	37005
6574	31367
7247	35812
6259	35042
6670	33400
6354	36975
6399	33198
6024	36689
6075	30963
6208	31090
7445	35970
7717	32334
6148	34942
5856	34668
7367	32024
7546	37936
6472	31290
7459	34077
5911	30831
6661	35326
6422	33207
6692	31458
7402	35929
5729	32576
5654	34482
7633	36158
7431	35951
5983	34775
6752	33471
6636	31412
6489	31300
6048	34833
5512	36275
5831	34644
6980	31711
5652	32523
5527	36286
7552	36082
5842	32694
5832	30780
5559	32422
7739	38084
5566	34390
7041	33716
6820	35453
6554	35233
5811	34627
5576	32444
6366	36983
5725	30671
7220	33886
7497	32131
5776	34585
6404	37006
7592	37971
6495	31303
6805	31555
5521	30520
6944	35563
6070	34847
7328	37727
7008	31724
6657	33388
6620	37179
7295	31961
6724	37265
6086	36736
7472	35996
7028	31737
5547	30534
5929	30843
5717	34534
7200	33867
7653	32274
6711	35362
5607	34424
6853	31606
5815	36515
6420	31249
6804	35436
5643	34470
7416	32057
6224	35020
6611	31389
6349	31200
6297	33119
6619	35299
5834	32680
6730	35378
6555	33298
5957	30863
5917	30834
6829	33530
6529	35213
7344	37741
6983	37466
7059	31762
7733	34299
6716	35366
6566	31358
7061	33730
5620	34435
6210	36838
7492	32124
5851	30796
7237	31910
6679	33405
6972	33660
7261	33912
7500	37892
7053	33725
5752	32601
6721	35370
6997	33681
6510	37082
5688	32540
7525	37919
7537	36066
7647	36172
6405	31240
6671	35334
7576	37958
6881	37393
6612	37174
6202	31083
6961	35578
6968	33655
5786	34599
6775	37312
6428	31255
7307	33957
6098	34891
5780	34591
5561	32428
5907	36592
7341	35882
5935	36615
5570	30551
7715	32332
5596	30574
6142	31037
6146	36782
7390	35922
7282	33932
6206	36831
6622	33360
5809	32656
6719	37262
6144	34937
6933	31666
7632	38005
6502	37076
6542	35221
6081	32915
7153	31838
7183	37623
6322	35087
5522	34348
7372	37778
5728	30680
7672	32290
5840	30788
7563	37951
5730	30684
5997	30899
5733	36440
6507	33264
6167	36805
7249	31923
6041	34824
6978	35599
7168	31851
7615	34208
6145	32980
5862	30802
6073	30961
5850	32698
5626	30601
6705	31466
5941	32773
7231	31902
7022	37498
7714	36222
6991	37478
7027	35641
5472	32348
7096	37561
5556	34380
6857	33555
7555	37946
6136	32968
7213	33878
5661	30626
6406	31241
7599	36130
5591	36339
6945	37442
6597	33340
6682	33407
5568	30549
7689	32310
5769	32614
7250	37678
6320	33140
6866	33561
5560	36309
7034	33712
5737	34551
7196	37638
6459	37046
6408	31243
5761	30709
6640	35310
5477	34309
5487	32366
6634	31411
6952	35571
5647	30617
7505	37897
5597	30576
5742	34555
5486	32364
7690	36204
5969	34765
7158	37608
7658	36175
6806	37331
7306	31968
7627	36154
7380	35917
6967	33653
7084	33752
5967	32803
6697	37250
6451	35163
6551	31346
6900	37410
7652	32271
6241	33073
6508	37080
6124	32953
6324	31180
6615	33354
7494	34099
5706	32553
6986	35603
5575	34397
6675	33401
6117	36761
6082	32916
6938	33624
6833	37353
6391	35128
7481	37877
6702	33425
6045	34829
7409	32053
7012	35621
7147	35738
7728	36237
6772	31528
7091	33760
6120	34916
7118	35712
6766	31521
6644	35315
7130	35726
5506	36264
6433	33217
6641	35311
6090	34881
7095	37560
7547	37938
5533	36290
6477	37059
7323	37725
6277	35053
7389	37792
6655	33386
7087	35690
6200	33031
6984	37468
5721	30666
6198	31079
5782	36480
5580	30561
7567	36095
6960	35577
6475	31293
7280	31951
7411	34040
5826	32672
6308	36936
6350	33164
6257	31124
5987	32830
6723	33447
5493	32368
5901	36584
5474	34307
6822	33522
6954	35573
6222	35019
7322	35865
7179	33846
7713	38074
7342	35884
7285	33936
6333	35094
6841	33541
6981	37463
7559	34143
6007	32849
7274	33925
7262	37689
6133	36773
7056	37528
6033	36698
7181	33849
6996	37480
6360	35116
5884	34689
7379	34016
6737	35386
6645	31418
6263	31127
7554	34139
5509	34338
6790	33498
6956	31688
6441	31266
6054	36713
7585	36106
7294	37702
6281	36912
6009	30910
7124	37582
6197	31078
7349	37750
5550	32416
6232	36867
7021	33698
5631	32492
6903	35539
7640	34235
5684	30642
7271	31943
7356	37763
7134	31818
5802	32646
5905	30829
6584	31376
7140	33801
7636	32259
7318	31979
6592	33336
6925	31661
6722	33446
6016	30919
6457	35169
6758	35404
6338	31188
6662	37215
6979	33664
5924	30839
6172	36806
6894	31636
6375	35121
6341	35100
5852	34664
6649	33381
7513	34112
5702	30653
6039	34823
7373	35913
7482	36008
7046	35661
6104	34900
5714	32559
6552	33294
7580	34158
7281	35840
7333	35872
6362	31212
5517	36280
5695	36404
5719	34536
7182	31860
7260	31934
7133	35728
6296	31150
6642	35312
5858	34672
6114	34911
5764	34574
5918	30835
5927	36606
5475	30478
5567	32435
6950	35570
7229	31898
5651	30618
7598	37977
6382	35126
5945	32779
5766	30714
7370	37773
6799	31548
7565	32194
6607	31387
7596	32225
6061	30956
8291	38782
7783	43281
8385	40645
8798	39465
9045	39744
8926	42977
8320	42227
7745	38097
8533	40842
8923	42969
8244	43852
7870	43389
8988	43053
8329	42242
8522	44237
8288	38777
8629	42630
7916	43451
7812	43326
8664	44419
8105	43689
7808	43321
8835	44648
8772	39441
8007	40208
9109	41489
8042	40247
8121	41986
8249	38729
8598	39198
7922	43460
9090	39793
8413	44090
8843	41203
8764	44563
7963	40151
8276	43888
8335	43973
8367	40611
8331	43962
8851	41212
7780	38130
7774	38124
7859	41669
8063	40268
7823	39997
8470	39041
8040	38472
8251	40475
7836	40012
8565	39154
8143	43738
8793	44603
9154	43218
8115	41983
9561	45295
10142	47890
10144	48969
9711	46492
9976	48888
10498	48106
10901	47193
9277	45128
10563	45884
10227	47953
10926	47209
10748	47102
10191	47930
9793	45441
10479	46931
10658	48199
11035	49463
9767	45423
10039	48915
9582	48665
10954	47227
9588	48671
10998	48382
11805	52128
12031	51259
11801	52124
11792	53150
11395	51804
12136	50358
11363	52820
11221	51644
11942	50194
11681	52035
12278	51485
11687	53064
11551	51944
11288	49669
11975	53314
11575	51960
12054	52366
11655	52024
11201	51615
12325	53639
11240	50624
11306	52770
11213	52699
11202	52679
11856	53209
11854	50119
11871	51131
12328	53642
11637	52011
12109	51333
12089	50315
11962	52281
11420	49787
11390	50745
11165	51581
11920	50173
11574	50907
11121	51543
11137	51561
11592	52994
12065	53403
11838	52166
12000	53337
11230	49620
11985	52305
11645	53031
12063	50303
12111	52412
12228	50439
11674	53052
11241	49627
11403	51810
12025	50268
12144	52451
11744	50023
12238	51453
12336	53650
12069	52375
11527	50871
11809	50077
11418	49785
11578	52983
12010	50256
12026	52335
11984	51222
11274	50648
11295	51708
11974	52294
12224	51444
11170	52656
11624	50951
11183	50575
12153	52464
11883	52212
11763	52097
11132	50525
12429	53731
12637	56740
12837	55045
12734	55858
13392	55487
12622	54859
13267	56333
12854	54118
12937	54177
12565	55709
13079	55207
13301	57312
13109	56159
12984	56049
13162	55282
13020	56073
13275	55397
12437	56534
13124	56166
12928	55105
12349	54589
14027	58001
14001	60289
13586	57544
14066	58053
13855	61281
13627	57607
14192	58201
13734	57707
14030	58005
13841	57815
14553	59706
14400	60668
14257	61668
14499	59649
14593	60863
13500	57465
14058	59221
13668	61120
13965	60251
14172	58180
14375	58373
13611	58805
14482	60742
13689	58878
14276	61677
13739	58919
14010	61421
14147	60427
13886	59066
14281	59428
13824	61251
13587	59926
13758	61202
13691	60027
13788	60107
13957	59116
13745	57718
13986	57951
13776	58950
14262	58277
14013	60304
14187	61581
13435	59783
14546	60813
13664	57648
14079	59240
14018	59177
13606	61060
13996	59147
14186	60466
14552	58547
13750	61187
14469	61872
13763	57734
14076	60359
14133	61535
14340	59496
13647	57626
14360	61756
14417	60687
13643	59985
14081	61488
14183	60463
14586	58587
14177	61573
13681	61126
13921	60213
14497	58489
13882	57846
14461	58448
14560	59715
13592	61046
13866	57831
13484	57452
13553	58739
14415	59573
14229	58246
14111	60398
13442	60903
14622	58627
13873	60172
14150	59296
13671	57651
14022	61431
13549	58734
14334	59485
14050	58034
13513	59860
14095	58088
14386	60651
14495	59648
14271	60554
13656	61110
13651	61106
13827	58999
14369	59533
14466	61869
14602	62004
14300	61698
14408	59567
13818	58979
14567	59726
14096	61498
14588	59745
14491	59638
13555	58742
13565	61020
14021	57997
13821	58984
13547	61003
14344	60610
13597	61053
14473	59614
13486	60955
14327	61720
13667	60007
14373	59538
14242	59398
14182	61575
13833	61262
14157	60434
14561	59716
14492	59640
13525	59871
13644	57624
14179	58190
14382	60648
14394	59552
14860	63643
14992	62293
15115	62391
15079	62365
14847	62190
14643	62745
15042	63787
15191	63154
15436	62625
15317	63258
14930	62248
15220	63917
15116	62392
15547	64176
15268	62490
15008	63023
15189	63153
14918	63694
14738	63534
14723	62109
15150	63121
15165	63134
14771	62843
15407	64063
14758	62140
15299	63980
15504	62698
14690	64248
14920	64409
14670	63488
15122	64553
15433	63360
15056	62347
15259	64662
15379	63316
15301	63245
15520	62712
15458	64832
14791	63589
15325	62533
14765	63559
15274	63223
14872	63652
15530	62720
15397	64788
14816	62168
14975	62990
14711	62102
15044	62340
15522	64152
15188	64595
15546	64174
15478	62664
15154	62413
15227	64627
15359	63300
15438	64820
15166	63135
15305	62514
14883	62920
14842	63631
15253	63947
14652	62755
15075	62362
15068	64519
15463	64836
15410	64065
14802	64327
15477	62663
15395	62595
15371	64772
15518	64146
14725	62111
14680	64238
15340	63280
15243	63189
15110	63088
15051	62344
15370	64771
14938	63708
14886	62921
14774	62844
14856	62202
15539	62731
15000	62305
14633	62039
14794	63591
15090	63077
15155	63868
14916	63692
15855	65006
15644	66023
16241	66251
15622	64924
16286	66275
16101	65122
16161	66219
15597	64915
16028	65818
16274	65560
15696	66047
16385	66318
15943	66133
16095	65119
16225	66243
16099	65852
16179	65524
16114	66197
15828	65738
15629	64926
15954	66137
15697	65315
16038	65093
16018	65456
15733	64957
16200	66235
16031	65089
16199	65535
15854	66100
15829	65374
15569	65612
16322	65944
15965	66191
15988	65063
15599	66008
15861	66101
15640	65293
16296	65215
15819	66092
15788	66076
15805	64991
15735	65687
16249	65918
16041	65094
16178	66225
16002	65450
15824	66095
15598	66007
15772	65345
16342	66300
15905	66117
15837	65378
16102	65853
15825	65736
16009	65077
16357	65585
15757	64971
16108	65856
16280	65207
15608	64918
16298	65571
16289	66276
15721	65684
15940	65780
15572	65614
15751	66062
16382	65595
16268	66266
15625	65287
15630	65634
16255	66256
16170	65878
15911	65412
16343	65241
15689	65667
16334	66297
16226	65185
16284	65927
16282	65563
16123	65498
15682	64945
15785	65350
16333	66296
16263	65198
16039	65824
15794	65356
294	27194
3217	25531
2398	24968
4726	30033
301	20034
4501	19241
4259	19083
1609	20856
5292	26902
2226	21267
4491	29901
4142	29683
5242	30333
3270	29426
568	16750
2579	28663
4056	29627
5269	30347
4614	19308
806	20365
2944	25343
4394	22695
2152	28400
2736	18092
3942	22396
4214	26203
388	20083
2978	18246
2366	21365
5381	26966
4567	19285
4737	22896
4529	26435
1283	17199
834	20379
2607	25112
3310	21973
3850	29482
2573	21497
5467	30471
2738	18094
1306	24218
2873	25296
3233	25541
4736	19395
4293	29779
2134	28389
3365	22011
4409	19189
3851	22347
1698	17453
3898	26004
472	23678
4866	22991
2443	25015
5204	26854
1899	17578
3268	18451
2359	24931
2319	28502
1966	21092
1754	28126
5116	23150
2615	28685
3348	25607
16	27032
2120	28374
1461	24323
5312	26917
3315	21979
40	16429
4350	19149
5062	26762
2026	24712
2575	17997
2906	25310
2911	25317
4756	22917
1247	24180
1936	17599
2796	25238
396	27259
5421	23330
1058	24055
1435	17284
3682	18731
5451	27017
4065	22487
3818	18808
5363	26950
1217	24162
1134	24105
2848	25275
1703	24501
2606	28678
1065	17048
354	16628
2784	21626
3429	25662
3865	25986
5239	30332
803	23902
699	20276
4772	30054
2656	25147
3771	22282
1365	24255
1017	20477
4176	22555
1277	27834
4234	19068
2880	25300
772	20341
5440	30454
1891	28225
4445	22730
191	23481
383	27248
4973	30175
3459	25689
2278	28474
1765	17497
3196	18395
1412	24290
2397	17868
3832	29467
124	23446
5441	23347
4074	29640
570	23747
5359	26947
314	23566
2718	28753
2536	28642
631	23786
2018	28303
3231	25540
2904	28883
1164	24131
1312	20663
4644	29991
2853	25281
1441	20749
791	16874
111	27092
501	27328
4825	26620
671	27443
3789	25921
2590	21505
3141	21861
1007	24026
720	23840
3501	18616
862	27572
521	20163
2577	17998
975	27647
3375	25623
3609	18691
4099	22509
2456	17923
2198	21249
739	23851
442	16672
286	27189
4500	22767
2187	21238
2178	24800
1454	17292
748	27492
1923	24645
2595	28670
1339	24246
3137	21858
4732	26570
3175	21886
2153	28402
4460	26396
3461	29208
2633	25133
4588	26490
1740	28120
2798	18132
3810	25945
2035	21137
1343	17225
512	27334
1554	20819
5247	19704
2489	25050
3413	29176
802	23899
656	23799
2056	28322
1214	20601
3080	25441
3586	29293
629	27413
265	27171
3424	29183
2913	18208
1824	17532
562	27362
3836	22329
2640	25137
3723	18751
1128	27738
4773	30056
3753	29419
3890	22368
5078	23128
177	27124
45	23398
4278	29766
1940	21075
355	23597
1947	28257
797	20362
3520	18630
4475	22749
5074	23126
4005	18926
2742	18097
4853	22983
2004	24704
3207	21916
7058	37530
7528	32160
6227	36860
5646	30616
6290	36919
6522	37087
6767	35413
7448	34065
7557	34140
5919	32757
6914	35546
7125	35723
7184	37625
6089	32925
5510	34341
6599	37158
6139	34932
6437	37028
5859	34673
6280	35055
6424	35146
7403	37814
5976	30887
7327	33967
6937	31673
5540	32405
7313	33958
5980	32820
7545	36072
6761	33482
7401	37812
6426	35148
5605	32467
6578	33323
5484	32363
7173	35758
6598	33343
5492	36257
7639	38011
5611	30590
6184	34972
7212	33877
7729	32341
7317	31978
6414	31246
7069	31770
7396	37803
6064	30957
6450	33232
6485	35191
5837	34651
6334	31185
7686	36200
6040	30938
7621	34213
5939	34735
7166	35751
7189	37632
6097	34888
6575	35258
7451	34066
6395	35130
7498	32132
6228	35023
5578	32446
6844	35480
6732	33455
6369	36985
7070	35678
7480	34091
7369	37771
7706	38068
7117	35710
6076	34852
6895	35529
5794	32638
6958	33642
6735	37276
6363	36981
5951	34750
6231	33064
7165	35750
8381	38919
8003	41849
7848	43369
8816	41165
9144	39867
8803	42828
8293	42179
8187	43803
8572	42549
8436	44127
8876	44703
8700	39352
8697	41035
8037	40242
7829	40007
7919	41742
8679	41021
8297	43910
8206	38682
9142	43210
8854	39514
8486	44194
8722	41060
7830	43345
8483	39066
8179	42067
8626	44362
8643	42650
8130	43720
8903	42934
7971	38381
7966	38369
7887	41707
8150	38620
8264	40490
7934	41768
8398	44072
8308	43931
7980	40175
7788	39948
8317	38828
9074	43143
8384	42309
8487	40784
8650	40987
7763	41576
8949	41327
7868	40041
8442	40734
7831	43346
8266	38752
7920	40104
9002	39704
8289	40515
8936	41303
8580	42568
8446	39015
7914	40100
7758	41572
8401	44075
8410	40684
8990	41378
7824	40000
8808	41152
8910	39580
8886	44717
8086	38542
9113	43172
8788	44597
9164	39881
9067	41450
8537	44251
8002	40204
7884	38268
8748	39411
8268	42155
8841	42872
9054	39750
8719	39385
9093	41476
8029	40232
8660	42675
8965	44828
8427	42362
8585	44325
8696	42712
8577	39174
8146	38612
8411	38975
8498	39075
8865	39532
7856	38238
8361	40605
8198	42085
8870	39535
7875	43396
8280	38766
8450	40741
8885	41242
8852	44664
8006	43559
8667	41007
7937	43475
8081	41928
8223	43828
8944	41322
8718	44497
7925	40109
8228	38705
8379	44025
8330	38847
8641	40963
7974	38383
7844	43364
8328	43958
7849	40017
8069	43642
7983	38407
8326	38843
8350	40598
9081	44946
9072	39779
8389	38930
8627	39227
8919	41274
8093	38557
7996	43546
8349	42269
7867	40040
8234	42127
7882	40051
9114	39824
8325	38842
8103	40324
8362	40607
8333	42248
8510	42471
8052	38488
7928	38326
9105	43164
8431	42369
8636	39244
7748	38098
7746	41560
8543	39116
8568	42542
8992	39698
8300	38791
9066	39767
7864	40030
8956	44818
8846	44661
8612	40930
7814	39991
8980	41367
8365	42285
9015	44874
7759	41574
8101	40317
7960	43502
8791	42818
9085	43151
8896	42930
9089	41468
9158	45055
8319	38829
8962	43018
8240	43851
7795	38154
9128	45001
8353	44000
8152	42025
8031	43592
7786	41597
8728	41071
8768	41113
7787	39947
8527	40833
8898	42931
8881	39547
8560	39145
8161	42045
7779	39929
9106	44975
8723	42751
7912	41735
8032	43596
9470	47505
10288	46834
10002	45573
9226	46230
10723	49282
10210	47943
10848	49356
9625	46454
10176	45675
10681	47068
9351	45177
10404	48052
10860	46049
9291	45136
9660	47617
10223	45713
9740	46508
10363	48034
10256	46815
9813	47693
10330	46847
9465	46380
10757	45987
10741	47100
10412	49110
10046	47840
10719	47090
10728	48237
9973	46658
10035	45596
10183	47920
9471	46383
9426	47476
11069	46169
9382	45202
10189	45686
10409	46891
10565	48149
9710	45386
10077	45618
9463	48617
9169	48441
10118	48954
9491	48624
9590	45310
9940	47770
10774	49313
9560	47554
10122	48956
10104	45630
9405	46343
10631	49238
10896	47189
10806	49333
10786	46007
9572	46429
10450	45829
9259	45120
9737	47651
9254	46236
10297	45754
10877	48327
10796	47124
10921	48344
10303	47994
10226	49012
9207	45082
10760	45989
10996	47254
10135	48962
10982	47240
10124	47883
10156	46755
9823	46557
9236	48482
9449	47489
9241	45110
11064	48417
11010	49447
10105	46726
10235	45722
11049	47291
9847	45480
9792	46537
10044	46696
10752	49298
10054	45608
10270	46827
10955	49419
9443	46362
10081	48935
9594	47580
9489	47517
10593	49211
11108	49512
9559	46425
10904	46075
9244	47377
10532	48131
10667	48206
9812	46549
10674	47060
9521	45270
10420	49112
10207	47940
11508	50859
12119	50341
12308	51511
11971	50221
11557	51946
11765	51054
11327	51742
12948	54183
13164	55285
13262	57280
14583	58586
13493	59849
13940	60229
13782	60103
14470	61874
14559	59713
14899	62937
15347	63289
14806	64331
15543	64173
15140	63112
14790	62857
15322	62530
14776	62849
15277	62499
14874	62913
14634	64197
15241	64639
15270	64672
14653	63471
15240	63933
15453	63376
15423	64809
14993	62297
14743	64277
14724	64267
15773	64983
3597	29303
4369	26326
3374	29155
1658	17419
4775	26594
7	16406
3055	18297
2874	28861
3191	21898
5077	30228
4090	18983
1119	20544
3148	25482
4655	26526
1731	28114
3923	18876
1138	24107
407	27274
2647	21542
540	27345
4493	26412
4345	26312
1125	24101
2541	17971
58	23409
1071	17053
2980	28937
1162	17117
3372	22015
7476	37871
6623	37181
5488	36254
6801	31552
6387	31233
7462	37860
6066	36723
7956	38356
9129	45007
11477	49837
12222	50432
11459	50816
13040	56104
13398	57378
12943	55118
12770	54024
14418	61810
14298	58303
15812	66089
1939	28253
4965	30168
2231	17777
2811	21639
1079	17058
4878	23002
4945	30153
2020	17640
1672	17431
4480	19227
1605	20853
1950	21081
1226	24172
3973	18903
2682	18058
843	16904
1527	24371
3614	22172
1405	17270
274	23538
276	27176
5334	30391
3031	21784
253	23516
5123	30263
1870	21033
3852	29485
4533	26436
4700	22874
4035	29617
1210	17152
1691	17448
3976	22429
1788	24552
942	27618
4144	26154
206	19970
3407	22053
1771	20961
5331	30389
4864	26642
2362	24933
922	16953
2888	28875
3515	18627
2180	21233
649	23796
1112	20540
1096	20522
6759	33475
5922	36603
5748	34561
6917	33604
5528	34354
7718	34292
6001	34787
8049	43622
8013	40214
7781	39933
8137	43731
7999	40200
8911	41266
10398	49103
9350	45176
9237	47370
9797	48793
10469	48086
10145	47891
11003	46130
11016	46138
9659	46472
9388	48565
9175	47330
10126	47885
10832	47151
10811	46019
10496	45853
9871	47723
10129	46743
10385	45801
9224	46229
9520	45269
9408	45215
10430	48063
12335	51530
12199	51418
11756	53126
11662	52027
11602	51977
12315	53627
11746	51042
11875	52199
11489	50844
11676	49983
11248	50630
11491	51890
11803	51079
11415	51822
12181	50401
11342	52800
11760	51052
11678	53057
12083	52381
12110	52407
11535	49878
11291	49674
12275	53595
11247	50629
11727	51036
11220	50609
11506	49855
11638	52013
11330	50695
11254	52727
11422	49789
12312	50503
11627	50953
11798	53158
11407	49773
11692	52040
12301	53611
11673	52031
11286	52760
11368	52824
11346	50708
12283	50486
11594	49921
11279	49661
11925	50179
11348	50709
11182	52663
11356	52808
11966	53302
11620	50949
11516	51915
12212	52509
11133	49531
12252	52544
11842	53200
12117	52423
11936	53272
12309	53622
11596	49923
11562	50895
11276	52749
11585	50916
11243	52723
11307	51720
11362	50723
11411	49781
11203	50591
11667	50982
11545	50884
11588	51968
11532	51925
11758	52092
11153	52645
11741	50020
11867	51127
11997	50239
12196	52498
12009	51239
12260	51467
11335	51754
11352	49722
11339	51756
11766	50037
11660	53040
11928	50183
11820	50088
11778	50053
11526	52938
11779	53144
11587	51967
11384	51795
11301	49681
12106	51329
11468	49828
11409	52848
11338	50704
11815	53172
12030	50272
12078	52378
11840	52168
12235	52536
11266	51682
11438	51833
12227	51449
11521	49865
12034	51266
11329	51744
11793	50062
11273	49656
12189	53510
11428	50788
11207	49590
11322	51677
11380	50736
11283	52755
12993	56053
12348	54588
12941	55117
12944	54180
13024	54232
12924	55101
12789	56879
12710	56811
12797	56889
12525	53829
13237	56289
13205	55323
13233	54406
12670	54897
12494	53710
12542	54766
12746	54966
13151	56195
13017	57058
12340	56464
12801	56892
13071	56124
12366	53678
13086	57119
13078	55206
13373	55808
12804	54067
13291	56351
12541	56651
13097	55224
13131	57162
13195	57218
13361	57356
13229	57242
13328	57335
13036	55179
13379	57368
13304	54471
12576	56681
13426	57401
13241	56294
12862	55065
12940	56019
12639	55770
13306	57320
13259	54432
12453	53745
13112	57147
12705	54933
12566	54790
12630	53930
13049	54253
12949	55120
12726	55852
12388	55577
13375	54521
12604	56712
13337	56389
13376	55476
12561	54781
13302	55424
13332	55442
13224	57236
12752	54011
13327	55437
13002	55154
12695	54922
12871	55963
12736	54960
12784	55001
13319	56378
12958	57015
13335	55445
12997	56057
13139	54319
13420	56455
12461	56557
13362	55461
12703	54929
12986	56050
13324	55435
12380	53688
13015	54223
13111	57146
13067	57099
12690	55822
12554	55699
13316	57327
12620	55754
12661	55793
13404	56448
12574	55715
12664	53961
12436	54655
12544	53842
12601	53897
12978	56043
13146	55269
12906	54151
13068	57104
12681	56781
12713	56813
13031	56094
13322	56380
12782	54036
12433	55595
13287	54458
13070	54270
12833	54090
13307	54474
12552	56656
12386	55576
12764	54978
12598	53892
12820	55031
12629	55762
12484	54699
12961	55128
12378	53685
13374	55473
12758	56850
12560	53850
13399	55491
13094	55219
13381	55478
13027	56083
12806	55911
12532	56634
13340	54490
13140	54320
12706	54937
12864	55957
13431	56462
12810	55024
12488	55648
13148	54327
12399	53705
12412	54631
13281	54451
13378	56427
12750	55873
12739	54007
13263	56327
12466	55621
12916	56002
12893	55981
13077	54274
12523	55668
12768	56866
12912	55997
12557	53849
12907	55083
12856	54119
12401	56512
12942	54179
12623	56730
13359	57355
12580	53865
12475	55639
12499	54716
12738	55861
13273	54448
13005	57049
12909	54152
13239	54417
12873	55967
12658	54884
13292	55411
13406	55500
13160	56207
12341	53659
13173	56217
13170	57197
13051	56113
13293	57307
12369	54604
13103	55233
12796	56888
14489	60748
14522	60783
14370	58371
14324	58322
13472	59825
13785	58959
13989	57956
13556	57508
13837	61264
13900	57872
13483	57451
13868	60171
13441	57417
14004	59158
13922	61337
13573	59917
13962	57927
14142	58136
14368	59532
14384	59543
13590	61038
13905	60205
14508	61906
13686	60021
14584	59744
13796	57768
14506	61903
13749	57722
13861	59038
13557	57509
13454	58653
13770	61223
13634	61084
13732	58914
13630	61082
14237	61654
14388	58382
14535	61935
13468	57438
14211	61614
14265	58281
13929	61350
14093	58083
14541	60803
14083	61491
13638	59978
14094	58086
14544	59697
14446	59593
13765	60091
14523	61920
13473	58667
14607	62013
13554	61006
14227	59382
13844	57816
14609	59770
14071	60352
14193	59343
14180	58191
13720	60050
14230	59386
13976	60266
13466	59818
14084	58074
14413	59572
14236	61653
14178	58189
14657	62054
15455	64831
15112	62809
14836	63626
15055	64511
14704	62094
15399	63333
15047	63790
15467	62651
14717	62804
16079	65840
16186	65165
16262	66261
2461	25031
480	20139
2111	21185
4738	26577
4565	22800
1624	28047
2061	21153
5397	26983
349	16627
2847	18163
7471	32102
7428	37827
6462	37051
5881	32721