3234	29084
8681	41110
9627	45323
5206	26838
2514	28598
3739	29409
2707	25253
7631	37996
7056	37541
6884	35476
5728	34533
5507	32454
7732	36181
7880	41837
9130	39845
8523	44307
9749	46486
10521	49186
9913	45500
9501	45240
11886	50250
12260	51564
13340	56370
12660	55808
12685	55830
13631	57591
14524	58467
13639	58752
15281	63214
15117	63807
14808	62169
15072	63771
15100	62399
15772	65698
16132	65156
15584	65277
15953	66131
16232	65893
15766	64987
16134	65498
15773	65355
2471	17991
1991	28300
1946	17692
1736	21115
1661	28088
5282	19837
1033	17091
695	27450
158	23605
4030	22618
889	20546
3137	25526
1080	20670
3651	18705
2121	21377
4496	29866
1607	21017
3885	29494
329	26991
1710	28117
3315	29134
2649	25223
4180	29659
3528	18630
2698	21739
3080	25491
5214	26845
4201	29684
5279	30358
608	20362
3251	25598
3476	18602
1843	28194
2061	21344
2675	25233
894	27595
1693	21081
973	27655
2852	18207
3688	29370
5858	34627
7665	32349
7407	32132
6561	31395
5856	30805
7327	37760
7652	34227
7440	35940
7589	36037
6739	33483
6539	37083
6150	34856
5537	36236
7691	38044
5712	36369
5932	34687
7341	37776
5646	36325
5863	30808
5581	30562
7670	38023
6635	35253
6899	33612
7025	33724
6117	36727
6232	34926
6322	31190
6140	33017
7268	32012
5562	34384
7039	35597
7669	34237
7350	33980
5763	32682
8312	42360
9020	41496
8119	42131
8834	44659
7868	43496
8756	42885
8188	42221
8889	43020
7986	41970
8288	38839
8669	42776
9061	44934
7952	40134
8208	43909
7745	39896
8549	40951
8825	39444
8895	41362
7771	43370
7831	41778
8835	44660
8823	39438
7977	41955
8843	42970
9975	48879
9225	45097
10424	45814
10732	48204
9703	46464
9777	46501
10087	45597
9740	46481
9310	45139
10663	46984
10735	49297
10727	49289
9969	46591
10378	46829
9177	45067
10759	48214
10580	45890
10234	46752
9344	47365
12084	50418
12304	52635
11659	52107
11418	49802
12227	52581
11465	50935
12333	51617
11227	49614
11335	52854
12031	51396
11165	50670
11578	51026
11283	49668
11510	51983
11698	53127
12220	53560
11514	50971
11820	53229
13263	57260
12489	55662
12900	56019
13316	55413
12722	54880
12838	54984
12725	54882
13061	57068
12828	54976
12895	55048
12657	55807
12500	54702
13303	56333
13107	54287
12543	53822
13255	55363
13126	55241
12842	55968
13389	55481
13089	55202
12846	56891
12506	55670
13018	56114
14122	58070
14607	62014
14206	60451
14238	58188
13626	57586
13917	60172
13699	57650
13722	57671
13805	58923
14285	61702
13604	58713
14136	61560
14158	59289
14501	60767
13991	61411
13599	61004
13837	58956
14442	61845
14205	61618
13678	61082
14093	58038
14564	61978
13670	61075
14222	59345
14052	57995
14425	59516
13561	59819
14497	61910
13860	60120
14513	61920
14240	60496
14060	60309
14322	59430
14480	58419
13899	61316
15389	64743
15094	62395
14925	64377
14949	62956
15380	62598
15383	63291
15104	63799
15304	63225
15344	62575
15096	64523
14752	62811
15176	63862
15493	62681
14735	64241
14777	62828
14751	62119
14849	62875
14831	64315
15429	63333
14673	63464
14756	62815
14710	63495
14991	63700
15037	64460
15333	63980
15279	63933
14971	63691
14783	64276
15495	62683
14646	64172
15122	64548
14644	63447
14975	62294
15099	64525
15358	64008
15650	65643
15820	65007
15665	64947
16302	65929
16070	65474
15693	65661
15915	65758
15681	65316
16220	66260
15973	65082
16186	65872
16164	65863
15929	65063
16135	65499
15911	66119
15795	66062
16366	65956
16230	65892
15593	64911
15611	65630
16351	65591
3562	29288
2245	21449
5309	19862
2562	28637
4253	26226
551	23834
4082	26120
4379	19216
4509	26388
2313	25009
1336	27873
321	20161
4334	19191
3886	29495
630	20378
4399	22849
1083	17120
1510	24465
1770	28148
3193	22073
4559	26420
2674	28705
3167	22051
1396	17322
2863	28826
1707	24611
1651	28082
2862	28824
3852	29472
3820	25965
1050	27701
1484	27979
4547	29902
4320	26262
2053	24837
4945	23209
3906	29502
4044	22626
3292	18467
4093	22648
4052	29568
731	23954
1973	28285
4110	19038
4891	26649
891	16982
4943	23208
2456	28552
2363	25031
86	20035
5332	30389
3458	29223
4699	19448
3782	22452
1521	24480
1953	28275
3147	18387
33	19999
2999	18293
3036	21972
4982	23234
4718	26534
3608	18683
2685	21731
285	20136
4480	29855
2776	18157
5197	30307
851	16959
4747	19481
4733	26548
5085	30251
552	23835
2693	28715
4144	22690
3730	18762
150	20063
5449	30463
4997	23242
330	20168
1122	27754
2118	28378
4351	22823
1250	24321
148	27116
3149	18390
4955	23218
1187	17196
2138	28385
2959	21924
1881	17642
4890	19590
4849	19566
3082	25494
1752	17546
3781	18801
3006	28918
4667	26503
4562	19354
3669	25868
3291	25625
3062	28974
3332	18495
281	16580
126	27102
1730	17533
1822	24688
4583	22977
2670	25232
4059	18999
3709	18749
2943	25404
621	23878
4504	29870
2667	21718
386	20200
2808	28789
3897	26004
1901	21239
4883	19584
1391	20879
3404	29182
1256	24324
67	23544
2965	18272
5269	26892
1179	17190
24	23517
8	19982
5286	30359
4857	19571
2563	21658
2951	28874
1089	20677
3815	25963
2586	18052
3626	22349
4289	29734
5082	30248
958	24124
1410	24411
2108	21372
1425	20902
3841	29466
3957	18926
651	23900
4062	29579
5469	27021
1623	21033
596	27395
7437	35938
7527	37912
7405	37833
6810	33530
5702	32624
5661	30638
6159	36762
5622	30604
7603	32297
7159	33837
7027	33725
5512	34333
7126	35672
7608	36051
5549	30537
6566	37113
7228	37681
6700	37236
7640	38008
5648	32579
7492	37890
7238	35786
6711	33451
6012	34755
6747	35360
7281	35818
5983	30903
6214	33067
5977	36585
7347	37784
7628	34210
6519	37069
6301	31173
6892	37396
6664	37200
7375	37809
7531	37915
6073	36694
5836	34614
5678	34490
6246	36831
5756	32674
6942	31729
7332	32072
6632	31441
5579	36265
6342	35022
5573	36263
7342	32084
7662	36116
6575	31406
5571	36262
7098	31850
6127	34842
5703	34505
6529	37076
7277	37723
7568	37942
6590	31410
5899	34653
6070	30998
6826	31624
7541	36006
5754	34554
7703	32386
6288	34971
5485	30489
5718	34519
7598	34183
7553	34143
7001	33697
6364	35035
6162	31065
7672	34241
6359	33173
7430	34050
7326	37759
5612	36296
7562	36017
6263	36845
6102	34816
6877	37381
7150	35694
5976	36584
5717	32636
6820	37329
6096	31019
6326	33151
7253	31994
7396	32124
5959	32867
7730	32410
6231	31117
7155	37612
7007	31774
7116	33799
7125	31875
6611	33375
5784	32699
7459	35954
5878	34641
5961	32868
6306	34988
5565	36253
5489	36206
5929	34684
7188	37646
7349	33979
6148	33023
6593	35225
6219	31105
5532	36233
6251	31136
6794	35387
5492	36207
7431	34051
5534	32471
6156	34859
6568	37114
7709	38058
6808	37318
7498	32218
6893	37397
5955	36571
6439	36989
5547	36240
5513	32457
6527	31363
7620	34198
7302	37740
6337	36910
6634	31442
6206	33060
7231	33894
6259	36841
6514	37065
7656	34231
5919	32828
7089	37562
6212	34899
6819	35412
6628	37161
7517	32228
5755	34557
5963	30890
6424	36981
5806	36445
5834	32749
7147	37605
5773	30743
7426	37848
7068	35621
7493	35980
7084	37560
6929	31717
6205	34891
5522	36228
6339	31200
5666	32600
5737	32654
7438	32160
5956	30884
7387	32121
6952	37452
7468	34079
6842	37352
5748	30726
5757	34559
6987	33689
6264	34956
6639	37175
6466	37013
7294	37734
6313	34996
7613	32307
6551	35185
5937	30869
5747	36398
5525	34347
5665	30644
7720	32398
7706	34276
6059	30990
6273	31156
6570	35197
6768	31568
5477	34309
6515	37066
7642	36096
7307	35836
7699	34273
5560	32492
5939	32851
7261	35803
7391	37826
6371	36936
6726	35346
5705	34506
7528	34137
6104	32981
7525	34132
6958	37458
7567	32265
6560	35194
6513	31350
6875	33582
7251	35794
6177	31079
6250	34946
7565	32263
7455	34068
5940	32852
6487	35126
6685	35302
6179	31080
7026	35593
5814	30774
7617	36068
6324	33150
6030	36653
6682	37215
7734	34304
6303	34986
6555	31388
6173	34871
6060	36681
5546	30533
7328	37762
7348	32088
5917	34671
7106	33786
6390	31244
5598	36282
5574	32504
7402	35915
7452	34061
6615	37153
5951	30881
6978	31752
5584	36267
5936	34695
7299	35831
7074	35626
7510	35991
7596	32288
6417	31269
7067	37552
6503	35143
7727	34301
7494	34102
5502	34326
5949	32858
7008	37500
7022	31788
6545	35178
6028	30966
7377	35885
5996	36612
5948	34701
6501	33277
6698	31508
5743	34545
6076	31003
6798	33521
5733	34537
6191	36790
6215	31103
6506	37051
7305	32041
7075	33766
6491	35131
8530	42606
7953	41923
7993	41977
7802	39968
8849	41296
9081	43243
9026	44889
8789	39393
7862	38246
9045	44921
8999	41470
8829	39448
7924	41888
8813	42947
8928	44776
8272	43993
8634	41045
7865	41820
7764	43361
9086	44976
7857	41807
8003	38423
8129	38598
8837	44662
8861	41309
8359	44090
7760	41698
8249	40542
8778	39382
8271	40574
10280	46775
9210	46168
10550	46919
9304	48515
11054	47236
9187	45073
10779	47060
9473	46342
10060	48920
10947	46070
9220	46175
9302	45133
10033	48907
11077	49494
11277	50769
11936	52324
11294	50789
11825	50198
11182	50684
11372	51865
11225	51734
11264	52800
11430	52918
11391	52890
11214	49599
11354	50831
12183	50486
11265	49650
12025	51392
12085	50419
11411	49791
12012	53402
11244	50744
11896	50261
11587	51045
12105	53481
11476	49858
11648	52095
11650	52099
11910	51292
11271	50765
11261	51764
11456	50928
11777	52203
12204	53551
11725	51158
12119	51455
11132	51647
11893	52290
11487	52964
11126	49526
12018	52388
12330	52654
11592	49952
12187	52530
11773	51189
11171	51687
11308	51802
12146	51475
11488	52967
11703	50077
11582	49947
11258	52793
13056	55172
13402	55501
12573	56652
13355	56377
12647	55798
13225	56275
13411	56439
12491	54691
12430	53724
12742	56793
13040	57046
13375	56397
12360	53667
13461	59734
13577	60986
14000	57946
13775	60039
13712	58824
14551	59644
13741	59995
14031	57974
14452	61860
14094	61518
13772	58879
13875	61285
14460	59555
14154	61574
13998	57943
13768	60028
13934	61348
13542	60969
14185	58124
13965	59103
13616	59871
13564	59821
14291	59398
13467	58587
14262	61677
13871	58996
14474	58715
14370	58315
14508	58449
13851	57798
14066	60316
14264	59376
14338	60600
14457	60730
13914	60168
14290	61706
13595	57547
14549	61962
13685	61089
14614	58550
14537	59631
13911	60165
14360	59464
13466	59739
13584	60992
13763	60022
13885	60142
14027	59145
14463	60737
13943	59072
13869	60130
14249	61666
14377	61776
13799	57754
13958	57908
14145	59267
13628	58743
14550	58490
14037	61453
14196	59317
14115	61545
14420	58352
14243	59361
13566	57522
14155	58102
14239	60495
14043	57984
14472	60740
14234	61650
13982	59117
14459	59553
14200	60444
14182	61593
13730	57678
13481	57469
13759	61166
13924	61334
13545	59801
14217	59341
13754	60013
14151	61573
13574	57530
14444	61852
14512	61918
15412	63319
14844	64327
14699	64218
15029	62344
14766	62133
15508	63389
15143	64571
15074	63773
15307	63959
15303	64687
15362	64730
14780	62146
15101	63791
15311	63961
14919	62932
15224	62491
14819	64305
14684	62071
14626	63432
15451	64075
15203	62481
14899	62913
14902	64358
15068	63766
15424	64779
15476	63368
14816	62178
14953	64394
15443	64796
15124	62417
15436	64059
15469	64087
14809	62170
15244	63189
14790	63546
15065	63765
14688	63476
14886	62238
15208	62482
14672	62061
15534	62714
15215	64619
15430	63334
14671	63462
14882	64341
15018	63017
14737	62802
15318	64699
14634	62038
15229	63169
14821	63572
14967	62971
15083	63073
15352	62581
16089	65484
16326	65226
15634	65296
16075	65826
16066	65117
15734	65685
16169	65517
16148	66227
16121	65151
15947	65432
16385	65254
15892	65403
15649	64936
16158	65858
15834	65727
15910	65051
16137	65502
16396	65263
16254	65204
16292	65215
15918	65422
15872	65737
15848	66086
15558	65616
15568	64903
16097	65836
16190	65876
15991	66151
15777	64991
15875	65741
16259	65901
16246	65202
16277	65555
15845	65385
16056	65470
16371	65247
16081	65829
16147	65854
16298	66279
15877	65031
16109	65144
16178	66242
15827	65011
15562	64898
15904	66116
16377	65250
16087	65830
16348	66303
16372	65602
16208	65886
16282	66272
16107	65492
16226	65891
1370	27900
415	16688
2405	28522
3459	22247
4273	19149
2911	21886
2753	21770
4459	29842
293	27212
3440	18576
2594	25185
2970	28889
4729	30026
1751	28141
3512	25769
4507	26386
2655	18088
436	16699
4677	19431
5383	26969
4341	26277
392	16666
3903	22541
1232	17222
28	27040
2610	25201
1052	20647
3289	22141
576	23846
3345	18508
1268	27839
2210	17840
1220	24296
652	23901
1255	20794
4711	23071
2300	21487
4629	19400
3393	29177
175	23619
2765	18152
4091	29599
4411	19236
152	27119
2296	24992
4046	26096
2301	28456
4268	26237
2304	24998
2243	28436
3822	22474
5387	19920
4004	29545
3161	29029
2973	25428
2256	24973
489	23798
1977	24781
4183	22713
2553	28632
2295	24991
1244	24312
4770	30053
2020	17740
2156	17812
3337	18500
4012	18966
5110	26782
261	23661
1756	21134
5373	26961
650	20394
3893	22533
4920	23192
4327	29754
866	24050
454	27310
1696	17504
3725	29400
1650	21050
978	27657
2287	24984
2972	28892
1785	21154
724	20440
3774	22446
815	20506
4985	30194
3584	22322
2810	21810
3667	25866
3425	18564
2682	25238
3572	22314
2068	17771
2967	28882
2235	17859
876	27581
4748	30038
1558	24507
3384	25675
1740	28134
4926	19616
4438	19256
1491	17372
3123	29011
115	20049
5164	30294
483	23794
1668	24581
4493	22920
686	27441
1061	20659
2263	21462
5301	30366
3340	18502
2375	21522
2815	25320
2838	21830
1030	20633
1549	17419
2184	28409
1538	24491
4933	26670
2733	28741
2636	28676
2250	21451
5369	19909
1322	17275
2798	21801
3096	28996
1354	27884
1875	24720
1038	17098
2464	17985
677	23919
4340	26276
5178	30300
2925	18249
4058	18997
2813	21811
929	20576
2172	21411
688	20414
180	27136
7252	33909
6783	31579
7029	31797
5719	36372
6855	33568
7059	31819
7714	38063
6693	35313
7354	33982
7619	37986
6960	35550
5610	30595
6151	36756
6083	36704
6888	35480
6401	35064
6947	33651
6024	30962
7370	37801
5789	32706
5727	32648
7520	37910
6003	32895
6844	35439
7685	36139
7248	33905
6300	31171
6085	34797
6103	32980
6199	34885
6900	35489
5869	32784
6541	31377
7604	36049
7693	36150
5794	32711
6851	37363
5889	34648
6968	31746
7364	35875
7701	32385
7229	37682
5711	34509
6281	36860
6463	35110
5774	36421
6477	33262
6278	36856
6169	34869
5645	30621
7572	34161
5916	34670
6658	37193
8220	42258
9140	39858
7934	43576
8291	40607
9027	41506
8918	39573
8200	40459
9148	45039
8053	40265
8741	42866
8164	42196
8727	44545
8338	44059
8786	44602
9109	45000
8226	42269
7987	43618
7943	41912
7790	38141
8205	43902
7889	41855
8088	38546
7856	38233
8323	40643
8737	41181
8795	39403
8329	40657
8658	39237
8411	42485
8401	42467
9005	44855
8074	42075
8703	41140
8693	41128
7914	38309
8101	40325
9007	39685
8286	40596
8724	42843
7946	41918
8473	44236
8311	44035
8899	43034
7784	43390
8605	44391
9018	41494
8461	42537
7809	43417
9017	43169
8913	39566
9062	41557
8452	44217
8349	40680
9153	45042
7783	39954
8510	40902
9126	41638
7779	41718
8661	39253
8094	42096
8337	42391
8935	43079
8691	41124
7961	40156
8352	44081
8500	39064
7788	43396
8784	42909
8398	40736
8353	40684
8945	39618
9008	39687
7984	38394
8213	38734
9041	39729
8370	40705
8346	42400
8097	42100
8830	44656
7971	40171
9087	39786
8596	41019
8194	40447
8850	41297
7887	41849
8006	43643
7875	41829
9060	41554
8185	43878
7807	39972
8791	41244
8986	39660
8820	39433
7747	39901
9139	41653
9090	41592
7811	41753
8805	39419
8116	42126
9050	41541
8647	44426
8645	42750
8496	40881
8232	38763
8442	40801
7791	38143
8102	42104
9127	39841
8907	39554
8470	39027
8259	40557
8948	43092
8547	44328
8273	43996
8507	40895
7829	38194
9016	41492
7776	43379
8890	41350
7825	41768
10818	48245
10212	45671
9982	48883
10997	49444
10428	48029
10831	48255
9538	47501
10552	49203
10027	45567
10064	45587
9234	48464
10244	49022
9274	48493
10672	49266
9506	45244
10963	47170
10495	48056
10978	47178
11101	49509
9858	46549
10075	48934
9997	47774
9824	45435
10922	47143
10906	46051
10434	49138
10950	48324
9502	46361
9167	47270
10471	49155
9474	47450
11087	48417
10385	48005
9724	46477
10782	48226
9486	48615
9563	48653
10719	48198
9272	47315
9979	46598
10619	46965
10581	45891
10493	48054
9560	45281
10022	47793
9834	48802
9734	46479
9831	46534
10690	48176
10873	46029
9463	45219
10853	46016
9787	45411
11011	47202
9227	47288
9393	46291
9318	48521
9882	45476
9947	47738
9490	46354
10842	49363
11093	47253
10778	45977
11015	46108
11895	53301
11680	53111
12163	52508
11748	51170
12782	56829
12370	54579
14582	58525
14227	60481
14479	58418
14168	60416
15400	63307
14725	62102
14762	63527
14720	62792
14908	62243
15222	64623
14655	64181
15008	63006
15291	64676
15170	62463
15828	66076
1432	24419
2141	21393
1287	20823
2030	21318
2927	18250
1306	17267
3711	22408
5378	26966
4398	26312
3740	18771
1429	27943
2386	17945
5456	23494
5009	26723
4769	26564
1612	24543
36	20005
3113	18369
7561	36016
7271	37717
5627	36315
7573	36028
5674	36347
8377	38942
7933	43572
12197	51516
12929	54124
13128	56192
13280	54416
12898	56016
14269	61682
13850	60110
5242	26867
1772	28152
4151	29639
1376	27904
221	27162
2259	21458
3269	18454
1123	20700
2176	24927
1288	27854
4940	26675
2566	25157
4740	19477
3346	25652
3472	22258
1635	28069
5392	26971
1435	17344
3812	22468
5374	30414
1001	27674
2332	17917
993	20604
3267	18452
2694	21735
477	27327
3798	18818
1190	20748
3011	25448
5058	23282
3986	26064
6062	34780
6182	33044
7399	37829
8216	38738
7954	43588
8464	44228
9594	45303
10417	48027
10881	49388
9626	49074
10289	45726
10777	49313
10157	48981
10813	48242
9314	45142
9810	46519
10797	45985
9529	48636
12114	51445
12150	53513
11453	50925
11324	52850
11834	50210
11926	52313
12327	50603
11394	49776
11885	50249
11550	52008
11969	53358
12209	52556
11466	52944
11727	50103
11285	51780
11716	52156
11489	52968
11733	52167
11556	49926
11675	50048
11347	52858
12279	53608
12069	50401
11140	50651
11755	53172
11765	53182
11954	50318
12088	51432
12325	53642
11329	50811
11224	51732
11228	51738
11818	51219
11297	51787
11769	51187
11536	51999
12036	53418
11164	51680
11919	50283
11612	49973
11447	50922
11539	50995
12230	50534
12288	53614
11522	52987
11117	52669
11230	51740
11218	52759
11749	53166
11320	49708
11193	52742
11901	51290
11268	51769
11192	50693
11362	50840
11546	49914
11898	51288
11199	49585
12113	52472
12156	53518
11559	52010
11809	53215
11220	51729
12068	50316
11641	51096
12317	52643
11804	52229
11561	49931
12158	53520
11250	52786
11130	52696
11248	49639
12180	53532
11521	49895
11950	51333
11579	49940
11526	51996
13009	55138
13431	55524
12870	54068
13016	54209
13266	54404
13200	56244
13344	56372
13099	54276
12733	54885
12578	55740
12710	53938
13014	56113
13181	56229
12820	56865
13052	56139
13317	56347
13254	57251
12762	55899
13195	56241
12996	54192
12627	53878
12986	54183
12470	54671
13420	56446
13145	56207
12502	55667
12466	53757
13085	57083
13384	55467
12811	55937
12638	54803
13144	57131
12608	53865
12889	56939
12752	55889
12449	56556
12668	55817
12704	53930
12431	56535
13422	55517
13073	54260
13149	55259
12980	54175
12964	56079
12357	54568
12713	53944
12433	55607
12359	56481
12570	56647
13417	56444
12675	53914
12739	54891
12799	55924
13159	55269
12830	54031
13141	57129
12701	54864
12714	56775
12881	56000
13261	55371
12688	56756
13376	56398
13359	56382
12482	56585
12409	55583
13137	55249
13153	55266
13285	55386
12394	55571
12794	54940
13033	54223
12788	54001
12450	56558
13248	56294
13130	56195
13150	57136
12589	56666
12709	53937
12837	55961
12361	56483
13077	57080
12802	56850
12545	56628
13029	56119
12687	54849
12775	54923
12571	56648
13283	56318
12793	54937
13391	55484
12503	53785
13239	55346
13360	54488
13272	56308
12746	55879
12401	53704
12874	54071
12586	54762
12834	55951
13311	54452
12691	54852
13327	55416
12816	54013
12743	56794
12658	56728
13079	54264
12924	56045
12819	55943
12504	53786
13024	57031
13152	54308
12419	55596
12953	54159
13082	55198
12791	54003
13039	54230
12536	54732
14307	60560
13440	58561
13895	60155
13605	61009
13682	61088
13489	60925
14588	61996
14177	60422
14176	60420
14519	60778
14373	60634
14407	58342
14433	58367
13543	59797
14557	60810
13896	61314
13821	58940
14237	58187
14538	59632
13603	61007
14568	60824
14579	58521
14593	62000
13877	61286
14053	59171
13679	59938
14233	58185
13806	61216
14494	58437
14109	61541
14082	60339
13636	58751
13703	58810
13953	59080
14521	59612
13929	61342
13460	57440
14091	61511
13581	60990
14374	61772
13689	57640
14502	61913
13517	57496
13931	57879
14223	60477
15274	63931
15293	63222
14889	62909
14945	62274
15054	64479
15555	65267
16333	65582
5016	26726
4602	22990
83	23554
4262	19145
3625	29330
701	20422
4523	22937
5518	30513
7558	32257
7533	32238