4376	30198
8447	39081
8657	39530
11292	49978
11980	51033
239	24703
1048	18738
4583	23332
2445	27682
7586	38011
5638	31830
6842	37136
5607	35649
7094	37447
7415	37803
6611	32962
6508	32835
6074	36237
9564	44751
9297	40834
9690	41629
9436	41131
9037	40302
9065	43736
10086	42443
8921	43429
8592	42815
11540	48128
10181	46106
11622	50456
10971	49513
11083	49671
10629	49025
10562	48923
11598	50422
12139	53371
12693	54309
12119	51264
12049	53189
14163	56456
13071	54952
13517	57390
13613	57510
13822	57841
15006	61902
15360	60190
15200	59945
14687	59135
14420	61060
16366	65291
15941	63287
16629	64175
16540	64037
16018	63392
16029	64854
16991	66065
17196	66325
17344	67238
16894	65955
16982	66793
17335	66522
17012	66093
17375	67275
2585	20701
49	17501
2325	27536
4885	30907
3641	22081
459	17960
1582	26536
109	17593
3467	29043
4763	30724
2326	20340
2698	28014
1484	19299
2983	21214
2068	27169
3881	22395
4517	23249
3109	21384
807	18427
3302	21628
642	25224
2798	28143
3891	29573
3664	22112
5242	24279
4163	22749
3868	22381
3550	21977
802	25455
3723	29361
492	18016
4714	30658
1014	25755
480	17993
2771	28116
1925	19829
3707	22167
2032	27126
4549	23291
4436	30275
2738	28061
1875	26898
3740	29385
3345	21689
538	18091
4978	23894
299	24776
4625	30540
892	18544
3704	29340
1126	25917
808	25472
653	18232
388	24899
3729	29370
1873	26894
1023	25769
2121	27254
6387	32698
8014	38539
5752	31970
7724	34361
8013	34743
7817	38304
6472	36707
5820	35952
5724	35813
6026	36182
6550	32891
8261	38825
7728	38185
6770	37053
7032	37373
6712	36966
7760	38228
7458	37846
6373	32681
8370	35186
7001	37333
6753	37021
7942	38455
5868	36021
7019	33468
6207	32496
6969	33409
8470	35331
6749	33130
8063	34799
6276	36464
7273	37648
5970	36133
7252	33775
7241	37612
6033	32293
7147	37503
6323	36512
5668	35740
7853	34529
6819	37104
8250	35047
7217	37577
5349	35336
6160	32435
6037	32300
5408	35414
9717	41672
10044	45833
9996	45734
9561	41387
9851	41983
8732	39689
9611	41481
10052	42378
8669	42968
9372	41015
9610	44860
9942	42161
8699	39623
10062	42399
9872	45440
9312	44223
9701	45043
9477	41200
9097	43789
8841	43303
9991	45725
8679	39599
9965	42223
9521	44653
9238	40723
8913	43413
9918	45563
8955	43515
9590	41445
8839	43295
10172	42583
9950	42171
9608	44857
9910	45538
8959	43529
8570	42761
9583	44807
9138	43860
8628	42890
10072	45896
10254	46219
10530	46633
11625	48270
11463	48001
10235	46197
10308	46300
11077	49666
10192	48392
10289	46272
10415	46469
11529	48115
11618	48261
11384	47887
11356	47860
11653	48303
11579	50392
10455	46538
10615	49001
10521	48859
11503	50280
10982	47279
11327	50023
10330	48595
10806	49266
10555	48917
11349	50065
10252	48468
10265	46241
10212	46160
10871	49367
10999	49550
12471	53900
12858	52524
11770	50683
12398	53807
11709	50561
12317	51573
11853	50837
12674	52186
11917	50931
12429	53845
12214	53493
12828	52459
11953	50983
12473	51817
12851	54622
12757	54424
12178	53437
11716	50569
12124	51273
12076	53256
12784	52366
12846	52499
12718	54353
12115	53330
12555	54048
12440	51766
12779	54460
14192	56491
13230	57008
14231	58430
14173	56467
13265	55209
13157	56909
12903	56585
13758	57750
14048	58180
13565	55553
13467	57319
14052	58184
13267	57051
13295	57089
13921	57984
13930	58003
13181	55086
13690	55747
12914	54724
14003	56218
13662	55694
13331	55274
13670	57587
13769	57768
13651	55671
13038	56757
13899	57955
13961	56162
13023	56745
13120	55011
13543	57420
13698	57648
12952	56644
13652	55677
13327	57126
13856	56014
13560	55540
13761	55880
14272	60863
14472	58777
15295	62339
15274	60063
15271	60060
15535	60480
15644	60642
15177	62158
15098	62050
14588	61297
15308	62363
15132	59832
14828	61628
15017	59652
14948	61814
14274	60868
14845	59377
15000	61896
14411	61047
14785	59291
15624	62858
14513	58849
14566	58939
15589	62796
15210	59961
14436	61080
15585	62789
15635	60627
15455	62605
14494	61169
15289	60084
15345	60166
14407	58685
14835	59356
15648	62905
14728	61483
14474	58784
15518	62707
15424	60311
14969	61850
14702	61452
15083	59766
14611	59011
14294	60892
14542	58894
15526	62720
14781	59284
14556	58924
15431	60318
14380	58649
15634	62877
14319	60924
15013	59643
14797	59314
14814	61605
15718	63023
15407	60280
14249	60820
16154	63552
16708	64279
16370	63835
16755	65800
16765	64347
15991	63354
16004	64823
15884	64665
16542	65500
15813	64560
16730	64314
16789	64376
16002	63370
16401	65331
16461	65417
16309	63767
16603	65589
16717	65743
16196	65072
16272	63732
15867	64641
16735	65776
15919	63264
16168	63571
16007	64826
16076	64909
16795	65839
16153	63551
16608	64141
16846	64451
16015	64833
15888	63224
16721	64296
16687	64248
16766	65813
16656	65651
16118	64962
15914	64706
16198	63625
16415	65353
16853	64459
15938	64741
16506	65462
16385	63855
16283	63746
16588	64106
15786	64526
16802	64391
16854	65910
15755	63069
15753	64488
17099	66201
16945	66014
17133	66248
16885	66652
16998	66075
17249	66398
17425	67346
17228	67103
17307	67184
17036	66125
16979	66787
16973	66047
17215	66356
16877	66643
16983	66056
16974	66782
16927	65989
17105	66927
16935	65999
17155	66278
16929	66721
16903	66676
17004	66818
16943	66741
16896	66666
16963	66031
17186	67038
17337	67227
16928	65990
17112	66945
17039	66127
17080	66170
16901	65963
17031	66122
17139	66259
17137	66257
16902	65964
17374	67272
17047	66136
243	24706
2080	27188
2880	28251
3085	28519
1848	26854
3496	21898
2444	20514
2146	20132
5153	31246
513	25062
3559	29162
3202	28680
3853	29530
2369	20420
4419	23122
1677	19531
2344	20376
465	17967
215	24680
4258	30052
1743	19619
3436	21808
327	24815
1070	25829
806	18420
3187	28662
1026	18711
485	25018
5066	31135
2959	21186
2963	28365
2017	19952
3282	21597
2748	20895
3556	29157
2135	20125
4326	22996
249	17726
848	25535
5265	31401
2984	21215
771	25407
1415	19213
955	25679
3444	21826
2308	20328
4164	22751
3830	29498
2594	27861
463	17965
2333	27545
2987	21222
2569	20678
440	17940
2258	20264
3414	21779
1499	19316
3178	21454
1391	19174
3107	21377
3878	22387
246	17722
1797	26783
5039	23993
5025	23965
3181	21458
108	17592
3536	29135
4741	30694
845	18487
4276	22929
4026	22592
2028	27122
4207	30002
4102	29849
2842	28199
4792	30768
1028	25775
3329	28855
684	18259
279	17758
637	18210
4226	22853
3391	21742
1441	19251
5060	24016
5137	31223
2638	27917
3206	21483
899	18549
1030	18716
4466	30319
1787	19674
1203	26043
2973	21205
1117	25895
902	25593
1816	19718
2397	27624
5062	24019
522	25081
324	24813
3281	28784
3779	29442
5050	24002
1286	26146
1728	19606
5144	31234
1710	19588
4911	23800
3121	28562
2992	21228
4059	29799
231	24694
2542	20645
2266	20278
4383	30202
1518	26454
2192	27354
1737	19614
789	25436
765	25398
1243	18989
1245	26097
4096	29836
4057	29793
3581	29188
3046	28469
3406	21765
5120	31209
2331	20349
5079	31157
4488	23204
2979	21212
3253	28745
567	18127
2042	19989
2355	20392
2656	27943
599	18161
460	17961
1125	18855
1507	19321
2783	20942
1559	26509
2015	19949
3717	22184
1109	25884
2245	27427
4210	22830
676	18249
1973	19886
4996	23917
384	24892
708	18293
1671	26635
1424	26341
2006	27074
2591	27858
3074	21323
1408	26319
4306	22973
4121	22698
3683	22136
3865	29547
4328	30138
5124	24101
2388	27616
1365	26248
2692	28000
4648	23420
714	18304
2125	20114
2627	20731
4176	29955
936	18606
104	17581
2805	20971
123	24546
1967	27028
1840	26844
3913	29603
503	25046
4832	23662
2872	28239
2936	28326
4215	30005
3241	28728
4902	23792
611	18184
4039	29773
1285	19044
3220	21505
3431	28987
3714	22178
3380	28913
2268	27454
4915	30945
241	17718
4971	23886
50	24473
4519	23255
210	17688
3598	29209
764	18361
5063	24021
1034	18719
884	25576
4872	30889
4194	22794
2695	28003
2654	20766
5069	31139
3218	28702
589	18153
4801	23636
4870	30880
95	17567
2392	27618
496	25033
4705	30644
1604	19448
3725	29362
1585	26539
5058	31131
745	25369
2521	27764
2477	27711
3825	29495
1902	19801
1506	19320
4094	29833
2471	20548
4147	22730
3930	29623
2940	21157
7006	33448
6729	36985
8262	35056
5412	31579
5775	35881
5391	35388
7550	37966
6393	36594
6321	36511
6755	37023
6339	32648
8192	34981
8170	38726
7190	33698
7856	34532
6964	37291
8220	35012
6797	37076
6816	37098
7119	37473
6284	32592
8347	38962
7692	38136
7448	34034
5632	35690
6875	33279
5474	31637
8285	38861
7447	37835
7490	37887
6491	36728
6867	33269
8012	34742
7003	37335
5919	32165
5403	31570
6020	32282
6209	36385
6802	33181
8187	34977
7613	38040
6123	32402
6605	36847
5916	36077
7782	34435
7584	38010
7611	34233
7338	37724
5778	31998
5884	32125
6740	37005
6944	33369
5839	35977
5644	35703
6689	33059
8350	38971
6059	32325
8304	35112
5670	31866
6186	36361
7622	34242
6204	32493
6710	36964
7116	33611
5495	35517
6887	37193
6730	36986
5720	35810
7837	34506
6168	32447
6066	32335
5760	35868
6983	37310
5624	35679
6424	32746
7070	33558
6991	37321
6828	37117
7209	33729
5626	31815
7014	33457
8473	39119
5416	35425
8021	34751
6299	36488
6106	36268
5613	35662
7025	33479
7594	38018
5541	31706
8153	34921
6782	33166
5578	35620
7614	38041
8390	39006
6068	32338
6283	32590
5387	31555
6399	36598
5776	35882
8209	38762
6435	32759
7774	34423
7752	38214
6640	32996
7815	38300
7395	37771
6759	37031
6446	32772
5402	31569
5682	31878
5535	35569
8138	34902
6903	33309
6218	36397
5458	35459
6334	32641
7188	37550
6023	32284
6282	36471
5487	35505
6719	33092
5891	36055
6150	32424
5980	32235
7545	34154
6156	36334
7200	33715
6231	36413
7701	34333
5696	31898
5673	31869
7883	34565
6084	36248
8224	38776
7984	38501
6470	32797
8471	35334
6221	36401
6113	32393
8033	34765
5468	35470
7485	37873
6776	33159
5641	31831
6596	32945
7785	34440
7980	34695
8168	34947
8326	38927
8025	34760
7138	33636
6225	36405
7993	34716
7674	38117
7082	33575
8343	38954
6817	37101
6898	37207
6013	32275
6193	36369
8372	38993
7917	38428
7747	38209
5878	32118
6411	36613
7976	34690
5588	35634
7850	38347
6031	32290
8198	34992
5807	35926
5583	35626
7017	33463
7255	37627
6667	36917
7274	37650
5421	31586
6943	33367
5450	31609
5834	32072
7432	37817
6700	36957
8179	34967
7479	37866
7753	34395
7181	33691
7811	38297
5836	35972
6391	32701
8416	39040
7668	38111
6094	36256
7388	33950
6538	32873
8119	38658
5956	36122
5388	35383
8248	38813
5547	31715
6915	33325
5633	31823
8367	38986
5550	31719
5727	31934
7121	37475
7671	34299
7452	37840
6606	32958
5756	35859
6423	36634
6544	32886
8402	35243
7431	34015
5650	31837
5777	31996
7216	33733
5473	31636
6213	32501
7276	33808
6592	32937
8004	38533
6942	37257
7990	38513
6445	36676
6952	33383
8060	38596
5407	35415
7898	34590
8360	38981
7425	34003
8146	34913
5498	31661
6014	32276
6858	37165
7034	37374
7959	38477
7734	34375
7787	34442
5417	31584
6928	33345
7149	33649
8160	38713
7563	34175
7903	34596
7015	37344
8016	34747
5555	35586
8136	38673
7646	38081
6017	32278
5565	31744
6171	36345
5356	35344
6961	33401
6167	32446
6405	36606
5489	31652
8328	38932
5452	31611
5557	35590
6960	33399
6930	37239
5709	35800
8100	38643
6905	37210
7867	38366
6648	33003
6883	37189
6697	36952
7974	34688
8048	34787
7296	33838
7801	38285
6044	36198
6105	32381
7930	38445
6900	33306
7505	34108
7672	38115
7412	33988
5958	32215
7748	34389
8323	35134
7097	33588
6426	36638
5427	35432
7784	34436
7409	37796
7389	33951
7955	34659
7885	38388
6009	36163
8315	38912
7804	34460
5758	35864
6714	33088
6438	36656
6533	36773
6947	37272
6262	32563
8053	34795
5819	35951
6512	36747
6256	32556
6175	36350
6523	36761
6975	37299
7629	34252
6172	36346
5799	35916
8059	38595
8351	38973
6995	37325
7656	38094
8205	38760
5927	36088
8264	38827
7773	34421
6488	36725
7474	34066
7985	38503
5538	31701
5875	32114
7162	37515
5433	31596
6838	37130
6410	36612
6061	32328
6631	32986
8280	35075
7196	33707
7555	37971
7580	34199
5915	32159
7309	33865
7814	34482
6966	33403
7249	37619
5352	35342
7877	34557
6408	36608
5890	36054
6657	36900
8115	34881
8467	39109
6669	36919
8180	34971
5967	36129
7889	34576
7982	38498
8363	35178
7322	33884
8175	34960
8169	38724
7421	37808
8028	38563
7346	37733
8117	34884
7992	38515
5987	36151
5660	35724
8252	35051
6234	36421
6176	32453
5918	32162
8359	35174
5378	35373
7857	34533
6409	32723
6038	32301
7363	37748
6846	37141
8189	38737
7531	37947
5739	31945
8080	38617
5874	32113
8229	38785
7009	33451
7497	37902
8003	34733
7057	33527
6370	36574
8421	35270
5511	31677
6625	32978
8235	38798
6525	32853
7175	33681
5669	31864
6130	32411
8092	34836
6888	33294
6654	33014
7729	34371
6385	32696
7813	34481
5745	31954
6048	36204
6251	36439
5972	32223
7776	38250
7981	34699
5678	31874
7453	37841
6362	32671
5997	36156
5973	36135
5640	35699
7769	34416
8336	35147
5523	31688
5753	35858
6693	36948
6765	37043
6458	36696
5811	35935
7104	33594
7699	34329
8376	35193
6632	36875
6661	36907
5989	32247
6985	37315
7087	37439
5537	35571
6553	32895
6616	32969
6524	36763
5936	32185
6173	36347
5646	35707
5817	35946
5566	35609
5674	31870
7269	37641
5355	31513
7020	33470
6404	36605
6589	32933
5492	31653
8394	39012
6002	36161
7279	33814
5569	31749
8243	38808
6278	32583
6836	33229
6147	32422
6856	33260
5771	31991
8797	39817
9356	44316
9721	41680
9140	40500
9272	40779
9209	44012
8818	43262
8477	39132
9805	41877
9205	44004
9622	44887
9413	44424
9243	44088
8828	43277
9798	45272
8794	39812
9031	43665
9442	44486
9376	44361
9877	45454
9553	44724
9374	44356
9972	45683
9124	40476
9495	41243
10144	42524
9518	41282
8695	43021
8774	39764
9012	40233
9445	44495
9295	40828
9740	45125
9975	42238
9931	45598
9470	41186
9643	44923
9683	45008
9708	41646
9681	44997
9980	42247
8498	39165
8494	39159
8549	42704
9531	41303
9382	41032
8933	40076
8645	39507
9626	41510
9393	41047
8985	40189
9574	44773
9949	45638
9323	44253
8692	43018
10327	46330
10564	48925
11312	50004
11143	47527
11247	49923
10722	49141
11595	48228
10217	46163
10741	46919
10609	48988
11607	48244
11543	48137
10591	48965
10419	46476
11442	47966
10780	49234
11665	50498
10409	46458
11271	49950
11102	49700
11619	48262
11105	49706
10903	49417
12030	53163
12741	52294
12028	53159
12627	54185
11834	52839
12204	51393
12433	53855
11749	52679
12097	51229
11974	53070
12857	52520
12584	54099
11912	52979
11782	50704
12716	54349
11923	52995
12158	53401
11968	53059
11736	52650
12882	54674
12367	51659
12397	53805
12354	53734
12343	53714
12653	54244
12055	51154
12662	52166
12883	54677
11958	53046
12787	52368
12172	51350
12108	53316
11849	50822
12447	51780
11725	52616
12086	51208
12538	51942
11703	52578
11714	52596
12543	54029
12765	54438
12052	53201
12729	54372
11754	50655
12118	53340
12566	54066
12162	51338
12185	53447
12259	51474
12577	54087
11759	50662
11838	52845
12137	51303
12209	53486
11998	51058
12840	52488
12889	54685
12165	53410
12519	51906
12033	51112
11848	50820
12541	54018
12132	51291
12138	53370
12722	52257
12382	51683
11788	52743
12114	53329
12833	52479
12328	53691
12561	51986
12335	51610
12216	53499
12072	53247
12010	53132
12312	51560
12944	54766
13777	57775
13896	56080
13145	56893
14217	56522
13767	55894
13499	57368
13215	55153
13269	55212
13021	56744
14025	56242
14167	58347
13384	57194
13291	57084
14078	56317
13316	57108
14149	56432
13659	57569
13389	57201
13943	56140
13609	55624
14627	59036
14607	61324
14345	58579
14653	59088
15276	62316
14377	58642
14746	59236
14450	58742
14629	59040
14514	58850
15705	60741
14880	61703
15514	62703
15668	60684
15003	61898
14291	58500
15390	60256
15174	62155
14583	61286
14732	59215
14859	59408
15137	59840
14927	61777
15182	59913
15520	62712
15206	59954
15365	62456
14714	61462
15296	60101
15523	60463
15255	62286
14347	60961
15217	62237
14421	61062
14478	61142
15337	60151
14456	58753
14596	58986
15227	59985
14794	59312
14619	61339
15462	62616
14247	60818
14966	61848
14403	58683
15402	60275
15368	60212
15133	62095
15356	60182
14744	61501
14979	59582
15212	62222
15649	62907
14468	58769
14663	61394
15433	62570
15568	60531
14392	58661
15586	62791
14893	61722
14387	61020
15404	62523
14741	61498
14998	59622
15459	62608
15178	62161
14555	61248
14936	59524
14534	58881
14912	59483
15708	60750
15119	62081
14523	58866
14280	58487
15091	59774
15616	60608
14780	59281
14689	61433
15028	61938
15023	59662
14526	61207
15440	60331
14408	58686
15372	62466
15086	59769
15563	60520
14641	59069
14301	60895
14677	59123
14868	61686
15667	60683
14803	61589
15167	62145
15164	62141
15257	60034
15595	60568
15647	62904
15732	63039
15537	62733
15613	60602
15246	60014
15713	60761
15412	62533
15722	60780
15664	60673
15093	59777
15104	62055
14626	59032
15249	60019
15085	62038
14844	61645
15125	62088
15651	60649
15049	61990
15555	62755
14405	61042
15598	60573
15510	60433
15461	62610
15261	62297
14717	61469
15709	60751
15665	60675
14307	60906
14389	58659
14739	59225
14866	61683
15606	60587
15898	64678
15972	63328
16042	63426
16023	63400
15889	63225
16318	63780
16003	64822
16641	64189
16228	63660
16718	64293
15935	63283
16110	64952
16043	63427
16308	65211
16134	63525
16556	64058
16640	64188
15930	64729
15824	64569
15815	63144
16617	64156
16625	64169
16400	63878
16211	65098
15833	63175
16145	65015
16273	63733
16358	65283
16490	65444
15784	64523
16601	65588
16805	64395
16012	63382
16686	65697
16767	64351
16709	64280
16285	63747
16823	65867
15850	64624
16166	63568
15835	64594
16692	64258
15903	64687
16295	63755
16780	65823
15869	63203
16529	64025
15808	63137
16005	63375
16287	65187
16638	65630
16307	65209
16255	63699
16068	63448
16659	65662
16748	64335
16810	65855
16626	64170
16150	63549
16470	63955
15885	64666
16127	64982
16325	63790
16022	63397
16583	65554
16825	65871
16213	65100
16419	65362
16254	63698
16204	63630
16760	65807
16282	65181
15817	63146
16350	65273
16731	64315
16674	64224
16598	64123
16008	63379
16759	65806
15940	64743
16471	63956
16402	63879
15896	63237
16304	63766
15983	63340
15760	63074
15853	64626
16591	64112
16071	64903
15929	64727
16971	66041
17201	67058
17386	67286
16895	65959
17403	67310
17067	66157
17357	67254
16891	65950
17032	66853
17398	66595
17211	67082
17429	67353
17293	67168
17063	66154
17378	67278
17064	66887
17363	66559
17342	67232
16967	66773
16897	65961
17298	67172
17212	66350
17041	66128
17316	66491
16930	65992
17372	67270
17035	66124
17371	66570
17261	67135
17252	66409
16879	66647
17145	66979
17336	67226
17015	66098
17188	67043
17264	67136
17199	66328
17135	66250
17250	67127
17239	67111
16961	66026
16931	66722
17116	66953
17043	66129
17361	67260
17314	66485
17251	67130
17187	67042
17232	66380
17417	67335
17279	67152
17255	66413
17068	66888
16965	66771
17025	66112
17420	66620
16940	66006
17070	66891
17127	66242
16892	65953
17407	66606
17404	67311
16926	66719
17001	66815
16881	66649
17222	67097
17428	66630
17395	67301
17194	66322
16898	66669
17389	67291
17089	66913
17281	66447
17154	66276
16919	66702
17415	67332
17109	66220
17128	66962
17401	66598
17348	66533
16917	65980
17238	66385
17416	67331
17121	66233
17042	66859
17244	66391
2865	28229
1608	26566
1180	26003
5002	31068
2866	21069
2265	20276
2127	20118
3490	21891
2651	27937
3814	22302
4908	30936
4760	30718
5232	31368
4569	30461
302	17785
3979	29698
4718	30662
5246	31382
2328	20343
3124	21400
1457	26378
4867	23730
3773	29435
1357	19127
4658	23431
2115	27238
2908	21118
1471	19281
3885	22400
2693	28001
2305	20320
5005	23931
2282	27470
656	18234
3138	21414
1288	26147
4335	23008
4609	30517
3977	22532
5346	31506
1360	19129
667	25253
1414	26331
1618	26576
2384	20430
4821	30814
3762	29424
4362	23046
2228	20224
4610	23382
846	18488
1975	27039
247	24713
5068	24026
1210	26050
2612	27889
942	18613
1637	19486
1150	25966
3857	29537
3675	22127
3558	29161
5179	24185
3999	29720
1679	26642
2743	28067
3753	29409
737	25358
2661	27952
4339	23014
18	17464
2188	20184
2543	27797
1003	25747
1275	19032
1429	26345
1435	26352
5015	23952
638	25215
961	18634
1383	26273
2917	28294
5315	24365
529	25090
728	18319
1859	19766
2726	28052
4722	23522
1941	19843
2682	27985
620	25197
569	25140
1403	26310
849	25536
3994	29713
533	18083
187	17663
4089	22661
1724	26697
1963	27021
5231	31367
417	24937
3066	21311
5023	31089
1311	26182
4575	23317
695	25290
3225	21512
4773	23590
3339	28869
2120	20103
1416	26335
3106	21376
5328	31489
3636	29260
4882	23765
96	24516
2904	28283
5121	31210
1742	26724
3837	29509
882	18532
1591	19430
718	25325
1179	18903
4598	30502
61	24481
5330	24382
4727	30675
303	24782
2680	27982
164	24601
4052	29788
3962	29677
328	24821
3703	29338
1617	26575
4155	29918
588	25166
3353	21698
4964	31026
1407	26316
3422	21784
410	17909
2785	28127
2960	28363
2427	27655
3054	28478
1923	26956
3985	22540
4259	22896
512	25061
371	24875
1764	19651
3150	28607
2971	21198
1276	19033
3205	28682
1693	26658
1822	19726
4739	23544
1216	18958
3798	22284
381	24886
230	17707
2863	28224
4914	23802
3788	22273
1077	25835
735	18327
3090	28527
956	25680
3988	29705
683	25281
4257	22893
2377	27605
4272	22921
3774	29437
2246	27431
4416	30243
1300	26168
2316	27525
3554	29155
1384	19167
1936	26980
3711	22172
685	18260
2966	28369
3463	21854
2632	20739
1235	26085
4394	30211
415	24934
340	24834
3719	29357
3305	21636
1534	26476
4472	30328
3029	28448
2850	28206
4400	30218
1437	19243
912	18567
2994	28397
4600	23364
1303	26172
1885	19786
3273	28773
5024	31091
4564	30454
4636	23403
5165	24163
2809	28159
21	24433
4810	30801
3662	22110
188	24632
3667	29292
3119	21397
1777	19665
4899	23784
5162	24161
2023	19961
1361	19132
5061	24018
995	25739
4291	22951
8031	38565
6812	33195
7491	37895
5488	31651
7537	37954
7677	38122
6257	36448
8299	35100
8362	35175
7263	33792
6375	36581
6519	36758
8120	38660
7398	33960
5382	35376
7736	38193
5833	35967
7632	38063
5647	35708
5929	36090
6025	36181
8274	38849
5715	31922
8208	35002
6396	32708
6999	33440
8200	34993
7306	33855
6822	37107
7845	34517
8273	38847
6027	36183
7037	33502
7719	34358
6958	33398
6547	36793
7735	34378
6965	37292
8420	39046
5461	31625
5860	36007
8145	34912
6948	33376
6653	33013
6019	32281
6476	32805
8269	38838
5772	31992
7642	34267
6065	36226
5630	35686
5968	32220
6925	37235
5755	31973
8411	35248
5686	35770
6543	36786
8125	38667
5805	35923
6125	36293
8300	35101
6011	36165
6783	33167
5893	36058
7026	33481
6328	36515
7820	34490
7596	38020
6478	36713
8314	35126
8242	38806
8462	39103
6511	36745
5779	35887
6364	36564
7170	33673
7964	34677
7823	38311
7592	38016
5695	35785
7496	34099
6542	36785
8874	39954
8622	42884
9401	44404
9961	42200
9321	40902
9143	43863
8798	43214
9596	44838
8989	43584
9754	45162
9998	45738
9073	40387
9897	42070
9516	41277
9386	41042
8577	42777
9886	42056
9658	44945
8753	39717
9320	44245
9171	40549
9780	45229
9911	42095
9387	44380
8941	40101
8736	43102
9849	45397
9035	43685
9566	44755
9191	43969
8608	39416
8603	39404
8564	42742
8713	39655
9634	41525
8588	42803
9735	45107
9668	44966
9482	41210
9360	40983
8816	39863
9290	44178
8875	43344
9781	41819
9868	42022
8489	42611
10047	42362
9411	41076
9758	41769
9388	44381
8785	39787
9444	41139
9251	40739
9651	41550
10037	42338
8996	43603
8919	40050
9440	41135
8487	42607
9736	45110
9739	41719
10069	42413
9383	41035
9955	42187
9197	40615
10004	45752
8671	39577
9306	44207
9946	45632
9328	40916
10111	42485
9806	45286
9493	41239
8562	39303
9113	40446
8786	43190
9164	43907
9276	40785
9092	40420
10133	42511
9507	41267
9046	43710
10057	45863
8906	43397
9832	45360
9071	43747
8994	40209
8710	39647
8895	40010
8946	40110
9175	40567
8545	39273
9704	41640
8750	43120
9176	40570
9415	44431
8790	39801
9763	41776
10001	42277
9981	45699
9494	44594
9878	42042
9457	44510
8667	42963
9613	44863
10043	42357
9907	45532
9449	41144
8764	39740
9714	45060
8830	39882
9857	41998
8610	39418
9396	44399
9678	44993
9402	41052
9532	44677
8617	39442
8825	39878
9695	41633
10123	45981
9287	40814
8879	39965
9030	40262
10024	42309
8676	39592
9488	44581
8842	43304
9410	41075
8767	43162
9422	41086
9307	40859
8824	39877
9552	41359
9706	41642
8832	43283
8951	43506
8653	39523
8584	39361
9302	44199
8908	43404
9032	40279
8479	39133
8478	42595
8966	40151
8986	43577
9246	40733
8804	39826
9285	40802
9408	41065
10054	45853
9978	45696
9842	41965
9378	41026
10065	42402
8854	43320
10079	45909
8488	42609
9550	41352
9469	44537
9134	43853
9293	44186
9186	43965
10127	42503
10171	46090
8817	39864
9231	44053
9621	44886
8513	39189
10156	46036
9697	45035
8714	43060
9509	44627
8505	42632
9914	42106
9933	42148
9359	40982
9800	41868
9189	43966
9181	40582
8977	40180
8725	43080
9351	40964
10140	46010
9094	43786
8573	42770
9511	44631
10292	48540
11368	47869
10515	46608
10970	47265
11537	50317
10602	48978
11578	50391
11117	47489
10581	46710
11523	48103
10247	46212
10676	49087
10860	47084
10222	46171
10367	48652
10607	46748
11154	47543
10660	49069
11351	47850
10430	48728
11380	47882
11068	47415
10820	47022
11542	48135
11412	50145
10531	48875
11534	48125
10813	49272
11245	47693
10528	46631
10584	48955
11069	47418
10275	48511
10926	47204
10263	46237
10589	46721
11411	47926
10743	49184
10387	46421
10545	46653
11067	49652
10949	49476
11300	49989
11073	49659
10337	46345
10487	48805
11550	50348
10326	48589
11303	49991
10551	46665
11046	47378
11498	50273
11592	48224
11559	50368
10838	47042
11099	47464
10696	46864
10210	46155
10394	48686
10978	47271
10631	46789
10869	49362
11555	48159
10878	49379
10634	49029
11342	50047
10189	46117
10821	47024
11642	48289
11306	49997
11630	48275
10556	48918
11319	47790
11184	47592
10973	49517
10283	48524
10203	46145
10923	49452
11649	50482
11294	47761
10611	46757
11677	48326
10443	46515
11169	47572
11273	47731
11545	50333
10540	46643
11358	47862
11620	50454
11058	47397
11288	49970
10339	48615
10299	48552
11483	50246
11699	50547
11097	47460
10876	47110
10206	48412
10730	49166
10784	49241
11180	47584
11519	48095
10311	46305
11415	50147
10598	48975
12508	51894
12189	51376
12872	52546
12111	51256
11918	52981
12614	52089
11805	52777
13274	55218
14080	56320
14140	58315
14997	59621
14288	60884
14570	61264
14476	61138
15650	62909
15707	60748
16479	63972
16739	64324
16422	65366
16306	65208
16611	64147
16411	63892
16164	63565
16406	63884
16141	63534
16462	63948
16316	65232
16673	65674
16691	65707
15773	64506
16120	64968
16819	64411
16798	65844
15974	63332
16384	65312
16377	65302
16952	66018
4480	30338
2202	27361
4369	30190
825	18454
2404	27629
4	17441
1520	19332
4137	29896
4279	22933
5164	31263
2055	20018
3271	21579
1567	26517
2346	27561
3549	29149
1989	19911
571	25142
2924	28309
4015	22577
2980	28380
2259	27447
2185	27347
565	25136
1257	19006
30	24444
536	18088
4188	29972
587	18152
4365	23050
8311	38906
7754	38216
6962	37289
6279	32587
6006	32268
8307	38895
7372	37758
8598	39391
10157	46042
11878	50872
12255	51467
12488	51851
13338	57139
14219	58413
13950	56153
13163	55059
15618	62845
14821	59338
17247	67124
3661	29288
5117	31203
1100	18812
4106	22674
541	18093
5073	24037
5104	31188
1001	18675
835	18466
2254	20262
3487	21888
3669	22116
626	25207
2012	19938
1325	19093
439	17939
770	25406
4492	23207
715	18305
141	24573
2857	28211
5277	31426
4203	22819
126	24551
5182	31298
3626	22068
4612	30520
2287	27471
4990	23909
4710	30652
616	18187
841	18483
4676	23464
898	25587
3182	28653
2081	27189
2823	21005
4391	23088
3565	21996
5276	31424
2441	27677
1152	25968
477	17988
4150	29910
1773	19662
3786	22268
337	24831
3268	21575
3261	21557
7842	34510
7266	37638
5560	35596
7943	34639
5392	35389
8468	35327
5732	35822
9522	44657
9498	41249
9353	40968
9568	44766
9491	41235
10019	42301
11406	50138
10246	46211
10200	48405
11175	49828
10708	49121
10565	48926
10905	47165
10909	47173
11129	47507
11037	49600
10178	48365
10558	48920
11571	48186
10847	47054
10721	46888
10452	48758
11305	47778
10673	46836
10968	47264
10310	46304
10269	46250
10687	49098
12888	52565
12824	52453
12610	54161
11970	53062
11934	53012
12874	54662
12604	52077
12067	53234
12503	51879
11973	51018
12371	51665
11883	52925
12634	52114
11846	52857
12235	51436
12418	53835
12611	52087
12578	54092
12169	53416
12182	53442
11904	50913
11785	50709
12856	54630
12370	51664
12598	52071
12356	51644
11890	50890
11960	53048
12412	51730
12373	53762
11850	50824
12299	51538
12562	51988
12632	54193
11842	50808
11975	53075
12868	54646
11972	53066
12390	53795
12435	53859
12420	51743
12290	51521
11931	50956
11780	50696
12088	51214
12421	51744
12334	53698
12426	53843
12709	54337
12560	51984
11894	52950
12248	53544
11713	50566
12274	53579
12648	54235
12188	53458
12692	54307
12873	54657
11932	50958
12531	51930
12383	53784
12542	51951
12369	53758
11794	52755
12432	51758
11845	50816
12345	51626
12571	52017
12523	51919
11927	53003
11903	52960
12008	53127
12320	53680
11996	51055
12661	52162
12125	51274
12244	53533
12731	52274
12848	52502
11813	52789
11821	50757
11815	52791
12011	51072
12569	54075
12090	51218
12040	51123
12020	51088
12518	53973
12623	54179
11926	53002
11831	52830
11792	50716
12783	52364
11875	50863
12462	53883
12417	51739
12637	54207
12141	51307
12167	53413
12054	53203
12266	53571
11771	52717
11857	52868
12835	52484
11896	50900
12746	52301
11809	52779
12024	51097
11777	50691
12818	54545
12477	51823
11739	50625
12406	52712
12442	51771
12388	53790
13294	57088
13608	55623
13949	56152
13272	55215
13322	55267
13941	56136
13871	57914
13825	57846
13878	57924
12996	54864
13470	57324
14099	56358
13465	55441
13795	55932
12931	54745
13716	55801
13847	56001
13407	57230
13987	58093
13604	57499
13881	57927
13360	57159
12907	54713
14028	58154
14024	56241
13106	56843
13188	55102
13515	57386
13715	57686
14038	56259
14063	58197
14095	58253
14200	58391
14116	58277
14183	58370
13998	56214
14213	58403
13527	55506
13738	57716
14240	58436
13475	57329
13914	56100
13270	57054
13086	56805
14171	58355
13492	55467
12955	54780
14050	58182
13819	55968
13727	55825
13077	54965
13345	55288
13954	56155
13138	56887
12921	56612
13568	55556
13757	57747
13545	57424
14212	56511
13721	55816
14168	56459
14185	56477
14112	58271
13156	55046
14180	56472
13982	56189
13813	55957
13222	56998
13841	55995
13866	56036
13539	57413
13960	58050
14186	56480
13298	57092
13397	55354
13593	57490
13674	57592
14201	56496
13816	55964
13292	57085
14178	56470
12913	54723
13312	55258
14049	58181
14016	58134
13117	56857
13012	56734
14175	58362
13069	56789
13099	56828
13584	57483
13027	56750
13102	54996
13658	55690
13007	54877
13056	54932
13286	57078
14068	56304
13249	55186
14019	58139
13800	57816
13827	57848
13329	57129
13541	57415
13175	55071
12947	56630
13512	55493
13359	55305
13202	55125
13530	55509
13719	57691
12919	56611
13855	56013
13053	54927
13887	56066
13076	56797
13684	55734
13963	56163
12911	54720
14211	56508
13851	57885
13016	54885
14220	56526
14037	56254
14214	56513
13324	57118
13189	56946
13707	57669
13549	55525
13398	55355
13821	55972
13220	56992
13602	57497
13883	56059
12978	56683
13404	55362
12929	54740
13647	55666
13507	55486
13570	57462
13155	56908
13148	55042
13494	57362
12961	56656
13258	57037
13242	57016
13366	55309
12994	56703
13857	57901
13252	57032
13013	54884
13933	56118
13216	55154
13641	57547
13271	55214
13768	57765
14199	58390
13031	54900
12972	56674
13694	55751
13147	56896
13503	55483
13983	58084
13250	55187
13474	55452
13226	57002
13789	55919
14156	56446
14226	56535
13415	57242
12892	54694
13420	57252
14083	58232
13346	57148
14158	58342
13620	55639
14042	56268
13877	57923
14930	61783
14949	61818
14858	59406
14836	59357
14271	60860
15231	59994
14598	58991
14324	58543
15262	62299
14546	58907
14278	58486
14525	61206
14252	58452
15361	60193
15313	62372
14337	60952
14581	58962
14709	59171
15594	60567
15601	60578
15118	62073
14549	61240
15674	62941
14416	61056
15720	60779
14487	58803
15671	62938
14459	58757
15281	60073
14325	58544
15037	59688
15224	62258
15151	62119
15203	59949
15148	62117
15505	62689
14870	59417
15697	62970
14269	58473
15480	62649
14798	59316
15316	62385
14674	59118
14960	61838
15406	62526
14384	61013
14676	59121
15701	60732
15636	60628
14470	61126
15691	62955
15043	59702
15738	63048
15092	62041
15496	60417
14515	58851
15743	60805
14657	61387
15467	60378
14740	59226
14439	61085
15500	60421
14590	61301
14267	60853
14668	59109
15615	60607
15504	62688
14738	59224
15776	63089
16821	65866
16378	63844
15880	64661
16575	65546
15799	63129
16781	64368
16006	64825
16245	63686
16372	63839
17054	66875
17098	66200
17393	67296
1221	26066
2953	21174
3746	22220
2385	27612
4937	23835
3499	29082
3724	22188
2700	28018
185	17662
1402	19198
6757	33137
8286	38862
7650	38086
7238	33756