4291	30119
9879	42145
10360	46358
2554	27873
3931	29633
4547	30444
1317	26288
8394	39031
8033	38576
6345	36511
5555	35568
6983	33489
6954	37216
8577	42872
9296	40880
9779	45342
11156	47521
11446	50221
10475	46535
10306	46275
12093	51285
12850	52599
13519	57405
13079	56843
13101	56865
14376	58626
14928	59502
15108	59787
16703	64249
16043	64842
15870	63204
16017	64806
16032	63434
16950	66733
17079	66191
17190	66312
17299	67166
17110	66928
16947	66022
17350	66533
17238	66390
1205	19026
3705	29335
931	18727
3576	22150
3545	29123
2590	20872
502	18126
3042	28485
84	24640
4682	23653
3142	21581
1529	26561
3244	21705
1795	19740
3765	22412
4918	30901
3509	22052
4616	30529
2669	28026
3564	29152
4333	30169
1291	26258
4751	30694
1740	19665
4015	22774
1499	26526
2558	27880
4770	30719
5274	31393
3000	21397
1590	26633
1713	19637
3633	29229
3737	22379
1302	26268
3146	28630
3553	22116
3180	28690
1381	19242
4517	30405
5639	35662
6902	33384
6721	33167
6120	32430
5638	31840
8193	38795
8407	35262
6748	36975
6849	37072
7821	34518
7677	38118
5835	35891
7003	37271
8435	39079
7121	37404
5690	35722
8205	38811
7078	37360
5642	31843
5434	31597
8417	39058
6174	36288
7925	34647
8014	34759
7421	37762
5895	35961
5957	32225
7434	34052
6640	33047
5421	35419
6455	36632
8415	35272
8212	35015
7163	33717
8859	43395
10071	42531
8737	43166
9965	45694
9401	44531
9081	43920
8786	43256
9153	44055
8638	43005
8848	39874
9041	43811
10106	45969
9445	41169
9587	44944
9321	40931
9795	41986
9119	40479
10004	42397
9344	44405
8539	42813
9966	45695
9116	40473
8632	42990
9127	44005
11226	49914
10195	46132
10681	46849
10784	49239
11137	47499
11163	47536
10548	46632
11152	47516
10236	46174
11507	48019
11541	50332
11536	50324
11223	47626
11379	47864
10178	46102
10790	49249
10729	46925
11327	47787
10247	48400
12186	51453
12292	53670
11982	53142
11864	50837
12261	53616
12482	51970
12882	52652
11753	50649
12419	53889
12748	52431
12348	51705
12538	52061
11783	50703
11904	53018
12590	54162
12833	54595
12501	52006
12637	54264
14135	58295
12975	56697
13249	57054
14166	56448
13796	55915
13877	56019
13798	55917
13998	58103
13872	56011
13915	56083
13078	56842
13671	55737
13491	57368
13376	55322
13010	54857
14126	56398
14042	56276
13205	57003
14208	56516
14016	56237
13881	57926
12986	56705
13325	57149
14676	59105
15741	63049
14729	61486
14755	59223
14375	58621
14560	61207
14424	58685
14441	58706
15224	59958
15526	62737
15077	59748
15433	62595
15454	60324
14914	61802
15353	62446
15072	62039
15249	59991
15621	62880
15481	62653
15135	62117
14659	59073
15719	63013
15129	62110
15491	60380
14635	59030
15611	60551
14328	60854
15666	62945
14523	61155
15673	62955
14758	61531
14639	61344
15547	60465
14900	59454
15291	62351
16758	65778
16031	63430
16481	65412
16493	63991
16199	63633
16751	64326
16038	64834
16716	64260
16171	63610
16594	65558
16378	63846
16086	64897
16266	63716
16368	65276
16389	63863
15829	63154
16433	63910
16426	65350
16791	64368
15781	64499
16382	63850
15803	64530
15970	64735
16550	65495
16164	65015
16133	64968
15955	64726
16396	65311
16268	63718
16317	65207
16613	65583
15765	64482
15958	63329
16596	65560
16184	65043
16903	66678
16961	66042
16910	65982
17135	66964
17330	66509
16922	66696
16995	66793
17218	66351
17377	67295
17019	66117
17094	66907
17088	66898
17000	66098
17351	66534
17288	67154
17243	67097
17161	66991
17109	66927
16880	65946
16888	66665
17411	66626
4453	30323
3814	22484
2608	20897
3956	29672
2102	27261
272	24869
2015	27155
2160	20251
2217	27423
1132	26044
3373	28908
2861	21196
2139	20226
4617	30530
3012	21413
4865	23884
520	18155
721	25500
3594	29183
4272	23108
2229	27455
4002	29740
4254	23086
662	18357
4096	29861
815	25646
3541	29117
4094	29859
4597	30507
1882	27000
3221	28736
3451	29014
4950	30937
2132	27297
998	25872
5128	24244
4628	30537
4684	23661
1610	19502
4705	23683
4687	30603
348	24989
3701	29320
2036	20073
2391	27684
432	18017
5127	24243
3898	29587
1152	26066
2745	21070
5294	31424
4394	30258
2292	20483
4562	23487
727	25515
3692	29310
1535	19422
2713	21034
1452	19328
4197	23007
5145	24269
2301	27569
1779	19718
4007	22766
2841	21171
4907	30890
1347	19192
5237	31342
415	17994
2323	20516
2312	27583
5193	31286
273	24870
4011	29750
4729	23725
1832	19797
2775	21098
5339	31498
5152	24277
2865	21203
3271	28789
3764	29413
4838	23858
608	25356
2774	28151
1537	19425
5133	24253
581	18231
3770	29420
4149	22959
900	18677
2390	20625
2369	20601
1501	26529
835	18581
1863	19836
4182	29953
2274	27538
2230	20389
1804	26903
1609	26660
4213	30009
1631	19530
137	17615
2765	28137
827	18568
878	25723
4967	24012
1301	26267
2007	20034
1824	19784
1430	26439
299	24913
4923	30905
3997	22753
2890	21235
4066	29824
1913	27039
3664	22274
2386	20619
3404	21914
4370	30217
610	25359
35	24579
1439	19307
2581	27927
577	18225
11	24552
2700	21017
5276	31394
2372	20606
3957	22693
4144	29909
3251	21712
1880	26998
1257	19087
4492	23384
4811	30769
5190	31283
470	25159
668	25446
3759	22407
3421	21937
4591	30501
1954	19961
313	24935
4691	30614
2693	28056
3523	22068
2995	28430
6744	36973
8335	38947
8253	38868
7863	34565
7115	33659
5506	31673
7449	37797
5476	31639
6857	33332
8097	34872
8015	34760
5378	35368
6523	36707
6861	37086
5413	31572
7696	38148
8133	38716
7793	38271
8402	39043
7081	33614
8309	38925
6613	36821
7800	34486
5749	35790
6256	36395
6649	36853
5717	31938
7478	34102
7319	37620
8210	38819
8391	35245
7664	38104
5942	32208
7920	38431
7769	38235
8233	38844
8337	38950
7388	37729
5627	35649
5520	35525
7492	37866
7156	33709
6395	32764
6681	33107
6171	32476
7027	37300
5968	36057
7022	37298
6690	33119
6900	37151
6132	32441
7020	37297
6498	32885
5825	35877
5534	35540
7670	38111
8158	38758
8356	38977
6138	32445
5664	35688
5789	32033
6308	32659
6821	37041
5573	35589
6935	33421
5931	36006
5357	31524
5547	35554
8374	35218
8348	35178
7991	34732
5977	36070
5841	32100
8420	35276
7557	34208
8272	35085
8192	38794
7054	37331
6831	37052
7501	37880
5814	35851
7909	38416
6543	36729
7317	37619
7127	33671
7869	38364
5811	32054
7539	34186
6622	33029
6717	33159
7306	33902
6952	33445
5894	32152
8094	38647
6435	32809
8073	34834
6522	32910
7727	34410
7177	33734
6766	36989
5651	35676
7307	33903
5948	36023
7017	37288
6972	37241
5687	35719
8107	38681
8211	35014
7442	34058
6142	36260
5881	32140
7000	37268
5913	32171
6287	36422
6973	37242
8273	35086
7001	33506
5837	35894
7697	38149
8449	39093
7861	38353
6793	33253
7921	38432
7304	37606
7603	38024
7007	37275
6986	33492
6092	32398
8384	35233
8176	38775
7545	37945
6172	32477
7473	34095
8135	34929
7497	37876
7658	38100
8408	35266
7279	33863
8055	38597
5877	35934
6301	36447
7737	38196
6808	33263
5576	35592
5708	31925
7595	38016
7193	37480
7221	33784
8088	38640
5584	31778
8270	38883
6474	36656
6790	37015
8051	38595
6384	32752
5873	35926
6996	37263
5966	32235
7094	33635
7143	33689
6746	33195
5702	31919
6710	33156
7962	38487
8291	35114
7884	38387
5566	31761
5577	35594
7983	34724
5920	35991
7750	38210
7624	38048
8171	38769
5953	36031
6868	33342
6114	36220
5692	31904
7152	37433
5392	35382
5511	31679
6944	33433
8447	35311
5780	32025
5924	32191
6127	36232
6268	32603
5352	35344
7659	38101
6886	37131
6666	36871
8443	35308
7014	33527
7295	33886
6630	36838
8245	38861
7568	37971
6242	36381
5535	35541
8336	35172
7408	34016
8330	35167
7967	38493
6837	33300
6119	36229
6085	32385
7908	34617
6621	36829
5853	32114
5911	35981
6836	33298
8282	35103
7297	33887
6062	36161
6212	36337
5856	32115
6448	36628
5613	31809
6871	37103
7536	34185
7362	37688
7780	38250
8473	35339
5945	36021
6116	32423
5851	35906
7378	37716
5410	31568
8195	38797
6691	33123
5674	35706
8066	34821
5997	32279
7041	37317
7023	33539
6719	36950
8278	35096
7730	38188
5697	31916
6422	32787
7028	37302
5691	35730
6660	36866
6477	36661
6801	37026
6852	33323
6018	32304
8042	38587
6073	36178
8466	35336
8311	35137
5370	35361
7300	33893
7997	38535
6443	32823
6107	36213
5763	32001
6702	36920
7332	37647
5696	35736
7649	34312
6224	32543
5564	35580
5795	32038
7855	34556
5559	35572
7465	37825
5878	32138
7652	38086
6665	33076
8047	34801
6065	36166
8969	43641
8618	42958
8645	43012
9366	41003
9978	42331
9271	44278
10079	45924
9096	40428
8562	39281
10093	45956
10058	42505
9121	40483
8602	42923
9107	43982
10023	45811
9621	45028
9846	42080
8565	42855
9337	44396
10126	46011
8554	42842
8654	39458
8740	39633
9967	45697
9982	42344
9678	45125
8487	42733
9604	41577
9088	40417
9620	41609
11344	47810
10938	47203
11457	47954
10980	49550
11677	48271
10183	46108
11558	48095
11055	47377
11260	49955
10862	47105
10944	47210
10233	46168
11247	49942
11687	50529
12392	51804
12123	53359
12404	51824
12067	51233
12354	51719
11831	52900
11751	52769
12387	53835
12462	53953
12444	53925
11744	50634
12427	51866
12231	51521
11773	50685
12743	52427
12187	51454
11860	50826
12733	54437
12380	51779
12101	51296
12545	52080
12779	54516
11886	50893
11975	53130
11977	53134
12678	52327
12389	51800
11771	52799
12478	51963
12037	53238
12827	54586
12598	52193
12785	52490
11710	52682
12098	53325
12488	53999
11705	50561
12155	53423
12307	53689
11937	50987
12233	53565
12614	52224
11725	52722
11800	52837
12799	52510
12489	54002
12006	51112
11933	50982
12385	53828
13991	56207
14220	56536
13710	57687
13531	57412
13073	56833
13447	57310
13574	57474
13666	55726
12941	54759
13811	57828
13983	58081
13548	57432
12905	54702
14264	60769
15058	62021
14602	58981
14481	61074
15152	59859
15705	60679
14458	61030
14623	59009
15629	62895
15413	62553
15198	59914
15272	62320
15636	60590
15451	62609
14601	58978
14475	61063
15313	62383
15045	62004
14708	59159
15340	60138
14368	60906
14330	60856
15530	60433
15009	59622
15512	62712
15269	60031
14895	59750
14832	59350
14919	59484
14518	58833
14642	61351
15513	60411
14813	61635
14886	61765
14556	61203
15529	62741
14350	58582
15704	62997
15138	62124
14982	59585
15695	60666
14553	61200
15573	60499
14268	60774
15063	62027
14473	61057
14538	61177
15375	60180
14889	61772
15320	60107
14531	61165
15505	62701
15578	62811
14495	58789
14582	58943
15441	60302
15098	59778
14942	59525
15381	62488
15478	60352
15422	62580
14859	59387
15502	60396
14332	58557
14691	59137
14757	61530
14630	59019
14894	61775
15499	62685
15348	60152
15634	60588
14719	61479
15468	62628
14445	58713
14278	58504
15188	62201
15304	62369
14321	60836
15488	60376
14467	61048
15448	62608
14338	58565
15623	62887
15671	62953
16782	64354
16430	65362
16349	65253
15992	63379
15839	63168
16846	64424
16631	65606
16019	64808
16151	64994
16715	65722
16744	65765
15849	63181
16033	64826
16153	64996
16477	63967
16109	63526
16420	65340
15784	63106
15753	64467
16233	65110
16099	63516
16464	63948
16465	65393
16013	64801
16787	65814
16822	64403
15874	63213
16496	65429
16803	65831
16046	63452
16221	65094
16246	65122
15871	63205
16685	64224
15857	64581
16012	64800
15789	64511
15920	63273
16101	63517
15780	63096
16286	63749
16664	65654
16792	64369
15779	64497
16450	65376
16540	64052
16370	63837
16722	65734
15759	63073
16673	64204
15879	64607
16506	64006
16583	64108
16180	63616
17337	66519
17144	66261
17204	66331
17049	66861
17045	66152
16938	66720
17365	66552
17358	67262
17075	66186
17297	66467
17168	66289
17279	66438
16902	65971
17084	66893
16968	66762
16990	66086
17352	66537
17176	66298
17115	66239
17131	66250
17295	66457
16977	66772
17264	67121
16872	66651
16874	65938
17060	66871
17098	66911
17311	67186
16952	66026
16979	66776
17116	66936
17114	66237
17387	66590
17263	66420
17327	66505
17163	66282
17052	66864
17082	66889
17395	67314
16980	66066
17069	66179
17367	67277
16964	66046
16873	65933
17285	67151
17164	66285
17053	66865
17409	67338
17421	66637
17103	66921
17390	67307
17342	66527
17107	66926
3392	28935
213	17723
3876	29557
4395	23282
2112	20184
4122	22921
4037	22805
4897	30877
2849	28247
1693	19611
1262	26220
4155	29924
5031	31061
3585	29176
1732	26804
2214	27421
1296	19123
221	17734
2280	20466
2645	28004
2143	27312
198	17701
4625	23576
597	18257
2710	28075
1274	26236
3222	21682
4318	23176
284	24881
1640	19543
3344	28874
1078	18875
591	25331
314	24936
3335	21829
5022	24106
3840	22522
2259	20435
4366	30212
98	24654
1342	19187
4702	30634
2175	20271
2776	28154
1122	26027
1994	27131
3841	29491
2111	27272
1125	26033
3811	29471
4579	23509
2647	20955
4663	30580
4251	30064
1442	26463
1104	26008
247	24833
953	25816
4755	23748
3952	29667
1121	26026
602	25347
5047	31088
976	18775
1046	18847
1635	19535
1979	20001
2501	27817
131	24696
3589	22169
2639	27996
3024	21429
4621	23568
5115	24227
4827	30789
420	25085
2923	28345
811	18539
4539	30435
3540	22085
3185	28692
1118	26019
4158	29927
3605	22189
3057	21475
4559	23481
3107	21541
5148	31229
4467	23357
4069	22845
1803	26901
1682	19599
1304	26273
4462	23349
1010	18806
4152	29917
1094	18894
3134	28616
5038	31073
744	25542
1663	26710
3579	29169
2408	20651
2185	20291
706	18407
4240	30046
2761	21084
5222	31329
245	24829
796	25616
4917	23955
3037	28476
3231	21694
3823	22497
5280	31401
1636	19537
3865	22557
1365	26355
4082	22865
3219	21668
741	18454
3791	29444
735	25526
2413	27705
4028	29776
3981	29711
3818	22486
2635	20944
636	18310
4060	22836
4228	30031
3380	28919
898	25755
505	18133
1202	19020
325	24954
2142	27311
5229	31335
1414	19284
2006	20032
4072	22846
3161	21611
3786	22446
3036	21449
2793	28171
8150	34944
6277	32614
6450	32832
7129	37407
7896	34603
6469	32854
8456	39098
6221	36348
8214	35017
8382	39021
6407	36585
5465	31630
7444	37791
7395	37739
6349	36515
6005	36099
7959	34686
5759	31997
8229	38836
7181	33741
7139	33683
8325	38945
7335	33930
6319	36474
6917	37174
8145	34940
5938	32206
5802	35832
7407	34015
5866	35920
6363	36524
7250	33819
6105	32412
6859	37084
6922	37185
7184	33746
7892	38398
5657	35683
6415	32781
6696	36910
6934	33420
8134	38717
5539	35544
7514	37895
6040	36145
7172	37456
7631	34297
7511	37891
5845	35904
5494	31656
8360	35196
5673	35705
7765	38228
8804	43293
9302	40893
9438	44611
9639	41642
10080	42541
9179	40608
9578	41494
10163	46074
9497	41300
9072	43901
8771	43231
9908	45580
9661	45094
9936	45637
10141	46035
8809	43304
9466	44653
8612	42947
8503	39176
9582	44937
8582	42890
8715	39581
8553	39268
9651	41678
9915	42216
9099	40438
9656	41692
9034	40272
8918	43520
8915	43502
10061	45890
8706	43110
9892	42175
9886	42163
8595	39344
9521	41360
9231	40720
9632	41631
9063	43878
8613	42953
9749	45271
9649	45070
9165	44069
9355	44425
9830	45426
10070	42529
8941	43572
9370	44452
9237	44204
9178	40601
10107	42592
9738	45252
9672	41715
10167	46077
9353	40989
9773	41937
10148	42673
8499	42753
9037	40288
8719	43131
8877	43426
9193	44114
9885	42159
9452	41191
9673	45116
8956	40099
9358	44431
9092	43944
9705	41771
9674	41719
9201	40653
9232	40722
8636	39429
8799	39769
9246	40764
9688	41740
8879	43435
8722	43135
9963	45691
9460	41206
9272	40821
9826	42054
9572	41482
9979	42332
8581	42884
9475	44678
8570	42864
10105	42589
9567	44913
9367	41007
9939	42279
9220	40695
9113	40468
9324	40936
10158	42688
10129	42627
8522	42788
9103	40454
8734	43161
10097	42576
9853	45461
9028	43785
9765	41916
8812	39798
9730	41836
8504	39178
8724	43139
9294	40876
9173	40589
8944	40062
9613	41592
9203	44127
9792	45363
9622	45031
9772	41930
8537	39229
10068	42527
9348	44414
9997	42385
8533	42803
10815	49280
10597	46706
11230	49918
11651	50479
10682	49064
10820	49290
10324	48536
11458	50238
10518	46602
10537	46622
10946	49499
11333	50057
10961	49528
11509	50301
10309	46279
11641	48205
10700	49091
11645	48213
11698	50544
11200	47584
11269	49969
10505	48809
10436	46470
11631	48178
10850	47086
11405	50173
10863	49359
11065	47396
10174	48305
11423	50190
10296	48485
10914	49452
10665	49040
11145	47512
10801	49261
11059	49650
11091	49688
10779	49233
10215	48350
11228	47633
11493	48000
10730	46926
10699	49089
10334	46316
10516	48828
11190	49837
11149	47514
11189	47569
10769	49211
10838	47064
10292	46254
10831	47051
10420	46446
11658	48237
10196	48323
11016	47326
10985	49556
10458	46511
10487	48773
11060	47389
11596	50398
11693	48288
10798	47012
10884	47143
12671	54336
12585	54146
12220	53543
12604	52205
13836	57864
13601	55614
14969	59560
14748	61516
14899	59453
14697	61451
16768	64342
15814	63137
15838	64562
16359	63827
15926	63278
16668	65658
16324	65216
16531	64041
16708	65711
16080	63498
17254	67111
675	25454
3772	22428
3352	21858
3720	22353
1417	19285
628	18302
4530	23443
2642	28001
2166	27347
1837	19806
3424	28978
1171	18980
5344	24529
2453	27758
2330	27599
769	25578
2719	21040
1517	19404
6830	37051
8155	38752
7066	37350
6839	37063
7099	37382
8897	39977
9436	44607
12822	52551
13268	55159
13386	57227
13479	55451
13248	57051
15517	62717
14517	61145
2569	27902
3597	29187
4737	30674
3395	28939
2813	28197
3821	22493
1598	19489
3272	21735
1057	25962
3353	28889
2419	27710
1242	26192
2317	20512
1641	26687
4406	23293
3531	29104
2650	28006
680	18379
4576	23503
5308	31449
3196	28709
1138	18952
3193	21639
1595	19487
4012	22770
2941	28362
1873	19853
3304	21783
1460	26483
5181	24317
1969	27099
5781	35815
7459	34079
8250	38864
8801	39773
9447	44623
9746	45263
10344	46338
10678	49062
11612	50423
11359	50109
10633	46761
11556	50348
11303	50016
10812	49277
10238	46177
11179	47554
10806	47020
11078	49671
12781	52480
12800	54548
12476	51960
12413	53885
12073	51245
12118	53348
12305	51638
11850	50811
12092	51284
11919	53043
12711	54393
12246	53591
12483	53979
12018	51138
11784	52815
12014	53191
12490	54003
12020	53202
11921	50961
11992	51083
12423	53893
12860	54643
12181	51436
12332	51686
12608	54207
12611	54217
12131	51353
12774	52467
12879	54677
12415	51846
11750	52767
11754	52773
12635	52254
11789	52822
12613	52222
11915	53034
12751	54453
11723	52715
12114	51318
11945	51008
12471	51957
12512	52030
12262	51569
12867	54649
12504	54022
12314	53704
11757	52775
12369	53794
12605	54201
11807	50743
12360	53777
12676	52325
11775	52804
12359	51728
12431	51875
11918	50949
12673	52323
11737	50620
12202	53507
12802	54553
11923	53045
12631	54250
11748	52764
12129	51351
12567	52131
12300	53678
12053	53264
11925	50966
12803	54555
12383	53821
12325	53731
11768	50674
12814	54567
11911	50930
12700	52368
11931	50975
11914	53031
13966	56173
14242	56559
13230	55103
13324	55244
13470	55439
13425	57279
13524	57407
13365	55311
13802	55920
13034	56775
13116	54973
13322	57148
13419	57264
13863	57900
13343	57174
13502	57382
14125	58286
13155	56934
13423	57276
13313	55227
13061	54913
13308	55218
13651	55706
13579	57481
13396	57242
12983	56702
12965	54792
14013	58118
14202	56502
13180	56972
13741	55838
14049	58166
13048	54900
13909	57974
13148	56924
13640	57591
13087	56852
13113	54965
13631	57570
14235	56552
13354	55295
14051	56294
13302	55210
13293	57114
13592	55603
13120	54979
12944	56642
13595	57516
13707	57682
13577	57479
13094	54949
13809	55926
13173	56959
14057	56304
13195	55066
14048	58164
13788	55899
13793	57810
13238	57035
14134	56406
13776	57791
13549	57433
13536	57417
13661	57620
12928	56618
14046	56284
14055	56301
14146	56421
12921	56606
13848	55975
13331	55258
13169	55036
13641	57593
13456	57329
13389	57230
14052	58171
13721	57701
13115	54972
13201	56996
13596	57518
14006	58115
13853	57885
13698	57663
13328	57154
13775	55884
13834	55958
13708	57683
13481	57353
13847	55972
14210	56519
12984	54820
14114	56381
13537	55523
13473	57343
13141	56914
12926	54739
13231	55106
13715	55797
13196	56986
13497	55487
13778	55887
14170	56451
13184	55048
13813	57829
13754	57763
13357	55299
13264	57080
13189	56978
12985	54821
13972	58066
13400	55343
12932	56631
13286	55194
14009	56233
13170	55038
13334	55265
13692	55767
14796	61595
14991	59596
14545	61190
15078	62044
15137	62123
15017	61960
15731	63031
14703	61457
14702	61455
14923	61813
14834	61669
14853	59377
14870	59402
14319	60832
14945	61845
15288	62349
15235	59975
14754	59222
15696	60667
15075	62042
14955	61859
14968	59556
15734	63035
15274	62321
15392	60206
14410	60973
14751	59220
15225	62251
14910	59472
15421	62576
14653	61374
15106	59786
15144	59845
15326	60115
15680	60647
15308	62377
14263	58475
15412	62546
15061	62025
15577	62807
14415	58675
15668	62948
14302	58531
14567	58914
14746	61512
16131	64966
16710	64257
16458	63944
15946	63309
16563	65514
17179	66302
17404	66617
2456	27761
4975	24025
48	24589
2108	20180
4491	30365
3045	21457
4934	23972
5382	31548
6827	33292
6815	33273