1616	21806
4021	30689
4284	31138
5448	41586
6189	42641
221	16311
1006	10346
1807	14940
2315	19290
3125	29619
2813	23438
3944	28744
2787	27257
2722	29055
2983	29411
3725	24570
3636	24443
3228	27845
4334	36359
5025	32442
4504	33237
4176	32739
4710	31910
4741	35344
4979	34051
4586	35037
4202	34423
5708	39736
5076	37714
5809	42064
5094	41121
5220	41279
5537	40633
5468	40531
5787	42030
6333	44979
6293	45917
6316	42872
6246	44797
7101	48064
6660	46560
7098	48998
6489	49118
6714	49449
8089	53510
7620	51798
7417	51553
7702	50743
7390	52668
8162	56899
8319	54895
8464	55783
8344	55645
8406	55000
8423	56462
8857	57673
8759	57933
8934	58846
8751	57563
8845	58401
8922	58130
8881	57701
8964	58883
2431	12309
44	9109
2196	19144
2110	22515
892	13689
416	9568
1508	18144
104	9201
742	20651
1985	22332
2199	11948
2540	19622
1425	10907
265	12822
1961	18777
1114	14003
1742	14857
380	12992
763	10035
583	13236
607	16832
60	19751
1126	21181
918	13720
2478	15887
1391	14357
1103	13989
817	13585
753	17063
976	20969
447	9624
1932	22266
969	17363
433	9601
31	19724
1811	11437
961	13775
1924	18734
1776	14899
1671	21883
0	19669
1758	18506
998	20993
627	13297
513	9699
2225	15502
277	16384
1851	22148
841	10152
956	20948
1087	17525
764	17080
620	9840
365	16507
985	20978
1757	18502
982	17377
2020	18862
3516	24306
3590	30147
2920	23578
3274	25969
3589	26351
3373	29912
3608	28315
2976	27560
2901	27421
3172	27790
3675	24499
3813	30433
3278	29793
3877	28661
2654	28981
3827	28574
3307	29836
3015	29454
3502	24289
3938	26794
2623	28941
3859	28629
3503	30063
3026	27629
2636	25076
3354	24104
2597	25017
4046	26939
3858	24738
3630	26407
3428	28072
2865	29256
3112	27741
2847	25383
2837	29220
3178	23901
2762	29111
3463	28120
2846	27348
3418	26137
3917	28712
3804	26655
2817	29185
2572	26944
3303	24043
3185	23908
2631	27022
4540	33280
4926	37441
4871	37342
4332	32995
4701	33591
4373	31297
4403	33089
4932	33986
4304	34576
4104	32623
4402	36468
4809	33769
4336	31231
4947	34007
4721	37048
5043	35831
4515	36651
4221	32808
4777	35397
4506	34911
4866	37333
4316	31207
4839	33831
4278	36261
4952	32331
4577	35021
4782	37171
4623	35123
4372	33053
4499	34903
5067	34191
4819	33779
4396	36465
4771	37146
4627	35137
4173	34369
4365	36415
4820	35468
4250	34498
4962	37504
5150	37827
5428	38241
5812	39878
5638	39609
5136	37805
5218	37908
5212	41274
5088	40000
5191	37880
5316	38077
5698	39723
5805	39869
5553	39495
5528	39468
5835	39911
5760	42000
5359	38146
5522	40609
5415	40467
5675	41888
5109	38887
5490	41631
5239	40203
5701	40874
5459	40525
5520	41673
5149	40076
5164	37849
5112	37768
5776	40975
5130	41158
6057	45508
6457	44132
5962	42291
5994	45415
5891	42169
5900	43181
6063	42445
6278	43794
6116	42539
6021	45453
6391	45101
6420	44067
6155	42591
6059	43425
6450	46230
6346	46032
6365	45045
5897	42177
6321	42881
6276	44864
6368	43974
6445	44107
6311	45961
6309	44938
6145	45656
6031	43374
6363	46068
7135	48099
6830	48616
7171	50038
7114	48075
6864	46817
6748	48517
6496	48193
6652	49358
6984	49788
7149	47161
7061	48927
6988	49792
6868	48659
6902	48697
6828	49592
6844	49611
6776	46694
6578	47355
6506	46332
6939	47826
6551	47302
6929	46882
6554	49195
6663	49376
6531	47279
6638	48365
6807	49563
6883	47770
6628	48353
6706	46619
7125	49028
6585	49256
6550	48252
6535	47285
6926	48734
6755	47622
7146	47148
6656	47488
7221	52471
7445	50385
7535	53947
7510	51671
7508	51668
7852	52088
7973	52250
7381	53766
7289	53658
7596	52905
7556	53971
7323	51440
7863	53236
8105	51260
8021	53422
7225	52476
7892	50985
8083	53504
7380	52655
7810	50899
7959	54466
7502	50457
7571	50547
7910	54404
7427	51569
7409	52688
7908	54397
7971	52235
7750	54213
7475	52777
7524	51692
7600	51774
7375	50293
7868	50964
7980	54513
7746	53091
7452	50392
7828	54315
7709	51919
8046	53458
7721	53060
7270	51374
7623	50619
7250	52500
7542	50502
7843	54328
7798	50892
7561	50532
7718	51926
7343	50257
7970	54485
7272	52532
8096	51251
7824	50922
7841	53213
8075	54631
7686	51888
7186	52428
8560	55160
8550	55887
8167	55443
8602	57408
8611	55955
8370	54962
8386	56431
8248	56273
8347	57108
8179	56168
8583	55922
8634	55984
8384	54978
8207	56939
8266	57025
8720	55375
8438	57197
8563	57351
8610	56680
8687	55340
8230	56249
8589	57384
8291	54872
8573	55179
8391	56434
8459	56517
8639	57447
8559	55159
8442	55749
8690	56059
8397	56441
8251	54832
8570	55904
8534	55856
8613	57421
8498	57259
8512	56570
8284	56314
8616	55233
8224	56961
8694	56067
8316	56349
8320	57070
8192	55463
8698	55354
8415	55714
8149	56134
8648	55999
8696	57518
8117	54677
8116	56096
8955	57809
8797	57622
8997	57856
8733	58260
8864	57683
8815	58006
9029	58954
8794	58711
8883	58792
8902	57733
8841	58395
8835	57655
8778	57964
8724	58251
8847	57664
8838	58390
8781	57597
8963	58535
8787	57607
9022	57886
8783	58329
8764	58284
8869	58426
8795	58349
8753	58274
8820	57639
8742	58646
8927	58835
8782	57598
8972	58553
8903	57735
8939	57778
8760	57571
8898	57730
9007	57867
9004	57865
8761	57572
8961	58880
8909	57744
228	16314
1981	18796
171	19859
357	20127
1739	18462
766	13506
2314	12122
2034	11740
2387	22854
478	16670
829	20770
457	20288
1089	21138
2240	12028
1654	14730
1594	11139
2214	11984
421	9575
202	16288
1495	21660
1650	11227
706	13416
315	16423
1035	17437
759	10028
444	20270
984	10319
438	16626
2310	22743
243	12794
247	19973
1908	11560
551	13205
11	12503
823	20765
2030	11733
1567	14604
235	9334
802	17143
2495	23009
267	12823
728	17015
1367	10821
903	17287
723	13434
2184	11936
1392	14359
1075	21106
2440	19469
420	9573
2207	19153
271	12830
2417	12286
405	9548
2132	11872
680	13387
1438	10924
431	13062
1346	10782
377	12985
1109	13995
232	9330
1690	18391
2285	15601
2271	15573
436	13066
103	9200
800	20743
1963	22302
799	10095
1516	14537
1277	14200
1921	18730
1447	21610
1341	21457
119	19807
2014	22376
988	17383
606	20463
644	9867
256	9366
604	9818
1474	14461
663	13350
1390	10859
2304	15624
2376	22831
2479	19525
460	13091
846	10157
990	10324
1698	21927
1682	11282
1167	17651
255	12813
1079	17503
849	17201
1709	11326
2263	19232
2307	15627
492	16689
314	16421
549	20392
1031	21050
2298	15610
1243	17754
1639	11214
2382	22842
1632	11196
2136	15408
389	20170
275	12836
1307	21407
215	16302
2391	12253
2142	11886
1619	21810
1454	18062
2066	18962
1644	11222
745	17044
722	17006
1201	10597
1203	17705
1334	21444
1305	21401
851	20796
330	20077
678	13373
2356	22817
2206	11957
2327	22765
1717	14812
260	12820
518	20353
542	9735
1936	11597
2224	12000
2501	19551
561	9769
417	9569
1085	10463
1445	10929
45	12550
1493	18117
1907	11557
973	13792
1069	17492
2112	19035
1450	14438
636	9857
1862	11494
2236	15525
361	16500
667	9901
1591	18243
1376	17949
1897	18682
2436	19466
346	12931
1361	17927
1546	14581
1352	14306
936	13744
1102	21155
1570	21746
2362	15709
2253	19224
1318	17856
2533	19608
1877	15028
670	9912
2023	11722
2464	12339
1406	21563
887	10214
99	9189
69	12579
118	16154
1853	18636
1733	18452
1153	21211
467	16654
2047	15270
159	19847
213	19934
1457	21613
499	20336
2129	15400
581	9792
1290	21381
1240	10652
476	13113
700	20595
970	13786
655	20521
2144	19062
2145	22553
227	9326
2218	15494
47	16081
1745	14863
195	9296
864	20817
721	9969
2308	15629
994	10327
835	17184
2093	22497
1420	14402
2535	19611
2498	12374
2316	22747
475	20310
556	9761
2022	15244
2087	22488
86	9175
2256	19226
454	16641
1918	22252
1535	11056
978	20970
1513	18147
2302	22739
704	16977
2374	19372
2334	19319
1070	21103
1786	11409
1444	10928
1331	21441
2330	12156
1369	14338
1172	21231
217	12765
2625	25056
3837	28593
3814	26664
2635	23187
2943	27489
2616	26996
3091	29574
3521	28202
3462	28119
3860	28631
3479	24256
3753	26589
3733	30334
2796	25306
3421	26140
2591	28899
3774	26620
3895	28684
3913	28706
2742	29081
3439	24200
3912	30570
3242	29744
3008	25642
2807	27298
3981	24887
2678	23245
3835	30469
3007	29443
3046	29495
3623	28336
3973	24877
3587	26350
2624	28943
3071	23773
2627	23178
3164	23890
3356	27993
3899	24789
3750	26585
3156	29648
3264	24010
3720	28455
3069	27685
3335	26043
3124	29618
3155	25841
2916	29332
2946	23606
3040	23733
3846	28613
4043	24977
3001	27585
2818	27311
3793	24667
3921	30579
3205	23933
3853	26720
2851	23474
3328	27969
3169	25850
3351	24101
3825	28572
2737	25219
2698	27125
3995	28801
3838	28594
2899	27418
3394	26114
3308	24055
3214	23943
2928	27476
2606	28918
2802	27287
3555	24354
2695	25166
2618	28929
3924	28725
2809	25337
2803	23423
2632	25065
4052	30727
2638	27033
3594	26359
3449	28096
3252	27876
2791	27270
2646	25087
3137	29626
2733	23314
3701	26529
3882	24774
2769	27228
3157	29649
3954	30614
3217	23946
3437	24198
2613	23163
3531	28206
2944	27490
3768	30370
3570	24367
3327	26031
3298	29822
3752	24604
3371	29908
2956	29379
3864	28639
3584	24380
2626	23177
2863	23486
2728	27177
3687	26510
4009	24917
3361	28005
2665	27067
3475	24249
2794	29158
3168	23892
3436	28079
2690	27113
3833	24700
3053	27663
3292	24032
3120	23843
3088	25762
3297	27942
2804	25323
3377	28021
3253	25941
2884	23506
2853	23477
3454	26173
3235	27856
3779	30384
3558	30109
3604	24405
4050	26942
3363	28009
3256	24001
3606	26373
2673	27078
3041	29481
3879	24767
2814	23439
3713	24553
3342	26048
3551	26303
3731	26555
3884	30535
3600	26368
2754	25244
3367	28013
3568	26324
3225	29725
2713	25183
3907	30562
3916	28709
4005	28815
3158	23883
3336	27977
3941	30601
3486	30036
3294	29817
3036	23726
3544	28221
3548	26298
2775	27242
3415	29955
3176	23898
3759	26600
2965	27534
2772	27234
2634	25071
2849	29235
3776	28525
2867	29258
2641	23194
4042	24975
2658	23217
2994	23680
2998	29425
3817	28565
3742	26575
3038	29474
3299	26003
2790	25299
3365	29905
2996	27580
3517	24309
3994	30648
3221	29719
3243	27864
2952	25558
3658	24481
3681	30266
3105	27730
2614	26991
3801	30421
2736	23323
4017	24933
2808	23431
3932	30594
2740	23327
2903	23542
2743	29083
3223	25907
3011	29448
3721	24566
2923	27467
3553	28242
3669	24494
3975	26851
2997	25623
2824	23445
2945	23604
2816	25341
2677	23244
3358	24109
2871	25416
3710	24545
3580	30141
4041	28865
3564	30121
3583	28284
2573	24991
3628	30204
2630	27023
3478	26198
3927	30589
2989	25611
3696	26521
2701	23269
3159	23884
3962	28773
2655	28982
3534	30085
3282	25983
3343	26050
2640	23192
4029	24953
2765	25257
3722	30321
3103	25783
3480	26204
2633	28952
3591	26355
2747	27194
3686	30281
3201	29689
3161	23886
2759	23352
3311	27953
2577	26952
2588	25009
3306	24054
3539	28214
2692	23260
3886	30540
2660	23219
2748	27198
2586	25007
4031	28847
2892	27408
3662	30251
4012	28818
3438	29974
3758	24611
3987	28797
3806	28560
3547	26296
3621	26395
2891	25446
3355	29893
3194	27806
3249	23989
3496	30053
4008	24914
3060	25716
3224	29723
2979	25596
3106	23823
3295	25997
3880	26742
2724	25196
3561	28246
2645	27040
3339	26044
2972	29404
2953	25559
3524	26267
3457	29996
3150	27771
3871	30520
3357	26068
2925	27472
3830	24696
3575	28264
3656	28381
4048	28880
3411	24171
3624	26403
2975	27559
3640	28355
3406	24164
3316	27958
3647	28369
2602	28907
3180	25860
3313	27954
2959	27524
3627	30203
3923	30581
2619	28933
3209	29702
3764	30368
3078	27696
3816	30435
3326	26029
3622	28333
3034	25674
3559	30111
2730	23309
3032	23722
2773	29123
2649	23204
3935	28738
3543	28220
3208	23936
3739	24594
3832	26683
2801	25315
3095	29579
3121	25807
3068	23767
2900	25473
3369	26090
2593	25011
2845	29227
2575	26950
3450	26165
3540	28216
3051	27662
3763	28508
3678	26489
4040	30717
3777	28527
3745	26579
3110	27737
3464	26184
3556	30106
3930	26786
2907	25492
3736	26568
3732	30332
2987	29416
3601	30171
2919	29341
3679	26492
3567	30123
3127	27759
2836	27332
3805	26659
3383	28029
3317	24061
3070	23770
3926	26782
2603	26981
3422	26141
3541	24331
3186	23909
2931	29356
3946	28749
3751	30345
3080	29555
2909	23553
3643	30225
3031	23721
3783	30393
2628	25059
3058	29510
3579	26341
2679	25135
3497	28182
4000	26878
2711	23285
3734	24586
3788	30406
3649	24461
2783	25289
2848	23472
3275	24019
3655	26444
3998	24902
3762	24622
3279	25979
3514	24304
3368	26089
2911	23562
3199	27812
3399	28047
3113	23831
3329	29858
3554	26307
2859	23482
3014	29449
3491	24279
3143	27764
3114	27743
2815	27307
3322	26024
3894	26755
2723	23296
2921	27466
3802	28556
3873	28651
3597	28304
2969	27543
2726	25202
3250	25937
3943	26801
3741	28483
3770	28515
3129	23855
2609	28923
2718	29047
2729	27179
3680	24503
3730	24577
3648	28371
3087	23793
3314	27955
2820	27315
2971	27554
2760	27217
2854	23478
2862	29249
2576	23121
2639	25078
3537	28213
3707	24541
2694	23261
3961	30620
3147	27769
2875	25422
2761	23357
3798	30416
3429	24191
3934	24837
3287	24030
3960	24868
2938	23599
4450	31425
4086	35924
4542	33288
4821	32108
4991	32387
4910	35620
4478	34870
4055	30740
4635	33485
4905	35612
4415	36495
4154	36032
4958	35696
4485	34885
4626	36880
4447	31420
4700	35273
4182	36094
4108	35969
4728	37062
4321	36332
4107	35964
4845	37291
4804	32084
4248	32851
5035	34132
4277	32890
4329	34629
4417	31372
4679	31841
4187	36103
5019	32436
4559	36733
4853	33846
4797	37206
4213	32794
4439	36531
4493	36616
4521	33254
4488	36605
4860	33855
4083	30773
4079	30767
4142	34312
4290	32911
4115	32640
4597	31684
4276	31115
4418	33118
4127	32655
4653	31797
4345	36381
4818	37246
5059	35861
4326	34626
5235	37938
5470	40533
5471	41612
5286	39135
5399	41531
5622	40749
5784	39836
5116	37771
5643	38527
5512	40596
5794	39852
5711	39745
5495	40573
5320	38084
5612	39574
5680	40842
5848	42106
5310	38066
5424	41558
5241	41308
5807	39870
5244	41314
5824	41025
6232	44771
6335	43902
6229	44767
6223	45793
6040	44447
6386	43001
6023	45463
5939	44287
6295	42837
6179	44678
6453	44128
6183	45707
6113	44587
5980	42312
6308	45957
6125	44603
6345	45009
6168	44667
5927	44258
6473	46282
5945	43267
5990	45413
5935	45342
5928	45322
6255	45852
6254	42762
6262	43774
6474	46285
6158	44654
6371	43976
6360	42958
6301	44924
6054	42430
6038	43388
5909	44224
6286	42816
6124	43550
5888	44186
5895	44204
6133	45637
6349	46046
6248	44809
6323	45980
5941	42263
6315	44948
6163	45674
6348	42946
6374	45055
6433	43082
6175	45695
5946	42270
6045	44453
6331	42911
6389	45094
6201	42666
6437	44096
6477	46293
6352	45018
6101	43514
6234	42720
6052	42428
6126	45626
6327	42899
6332	44978
6314	43865
5971	43291
5986	44351
6307	44937
6430	44087
5911	45299
6150	43594
5920	43218
6393	45107
6269	44855
6210	44740
5892	43168
6540	46374
6671	49383
6806	47688
6733	48501
7160	48130
6661	47502
7082	48976
6815	46761
6870	46820
6624	48352
6964	47850
7102	49955
6983	48802
6897	48692
7017	47925
6916	48716
7086	48040
6545	49177
6993	48809
6861	47748
6487	47232
7641	50644
7619	52932
7305	50187
7666	50696
7513	53924
7338	50250
7767	50844
7421	50350
7643	50648
7504	50458
8052	52349
7940	53311
7821	54311
8001	52292
8085	53506
7243	50108
7662	51864
7374	53763
7590	52894
7748	50823
7919	51016
7327	51448
7988	53385
7389	51521
7833	54320
7423	51562
7626	54064
7730	53070
7536	51709
7840	52071
7490	53894
7306	52569
7438	53845
7392	52670
7459	52750
7583	51759
7428	50361
7607	50594
7449	51593
7823	50920
7631	52947
7762	54224
7183	52426
8045	53456
7370	50291
7678	51883
7634	51820
7325	53703
7614	51790
7761	53109
8051	51190
7432	53830
7981	54515
7440	50377
7675	53002
7720	54178
7886	52139
7352	50269
7909	54399
7952	53330
7349	52628
7680	54131
7759	53106
8081	51230
7753	54216
7383	53769
7559	52856
7999	51132
7533	50489
7977	51091
8057	52358
7311	53689
7519	50474
7230	50095
7278	51382
7951	52216
7796	50889
7704	53041
7192	53546
8112	51270
7525	52815
7734	51939
7376	50294
7636	54074
7275	51377
7878	52128
7655	50677
7254	52503
7695	50731
7928	53294
7997	52291
7830	53197
7361	53753
7358	53749
7493	51642
7914	52176
7979	54512
8094	54647
7855	54341
7947	52210
7481	51622
8066	52369
7696	54141
8082	52388
7995	52281
7280	51385
7294	53663
7635	50640
7484	51627
7273	53646
7891	53253
7315	53696
7984	52257
7232	53598
7872	54363
7373	52650
7917	52181
7813	52041
7758	54218
7497	53905
7738	53077
8058	52359
7996	52283
7261	52514
7351	50267
7755	50833
7924	53291
7935	52195
8260	56286
8349	54936
8432	55034
8413	55008
8252	54833
8126	55388
8385	56430
8479	55797
8652	55268
8566	55901
8314	54891
8501	56560
8433	55035
8719	56819
8539	55133
8364	55666
8477	55796
8305	56337
8188	56177
8180	54752
8452	55764
8461	55777
8206	55486
8633	56706
8197	54783
8551	56623
8688	55341
8158	56891
8308	57052
8147	56131
8436	57196
8650	56003
8395	54990
8533	57305
8614	55959
8552	55888
8701	55355
8665	57475
8217	56232
8572	55176
8202	56202
8544	55866
8267	56295
8706	55363
8624	57431
8231	54811
8337	55633
8170	54745
8389	54983
8702	56795
8476	57238
8718	56817
8679	55307
8455	55056
8504	57270
8597	55943
8653	57463
8462	55778
8555	55157
8278	55563
8250	56274
8526	56590
8132	55398
8412	55005
8405	57162
8670	57479
8635	56708
8225	56970
8678	55306
8623	55238
8608	57415
8697	56789
8182	54754
8152	56881
8586	55923
8518	55832
8430	55731
8392	54987
8607	57414
8318	56351
8280	55564
8208	55487
8258	54845
8713	55374
8357	54948
8121	54682
8221	56234
8419	55720
8456	56511
8304	56335
8829	57649
8765	58666
8974	58894
8752	57567
8995	58918
8923	57765
8945	58862
8743	57558
8899	58461
8990	58203
8776	58690
9035	58961
8867	58776
8920	57762
8967	58886
8921	58495
8951	58167
8933	58840
8823	58381
8756	57569
8873	58780
8777	57958
8905	57736
8895	58099
8784	57600
8959	58878
8901	57732
8958	58178
8828	58743
8824	58017
8728	58255
9011	58587
8926	58834
8885	57706
8745	58651
8831	58744
8763	57936
9000	57858
8818	58735
8809	58719
8813	57634
8785	58330
8977	58561
8907	57737
8950	58868
8889	58093
8821	58738
8744	58650
8801	57988
9018	58943
8852	58760
8825	58021
8924	58496
8822	58379
8892	57720
9024	58228
8791	57614
8928	58499
8991	57850
8746	57561
9001	58214
8996	58919
8780	58327
8866	58423
8730	58257
8788	58705
9034	58238
8987	58909
8754	57930
8757	58277
8981	58899
8948	58521
8854	58055
9019	57884
8774	58310
9013	58940
8969	57828
8994	58570
8992	58206
8935	58141
8772	57588
8808	57993
9014	58939
8985	57841
8906	58467
8811	57999
146	19837
1536	18174
1143	17611
2239	22676
149	12677
2141	11884
2026	11726
762	13499
2493	19545
1056	13910
2133	22544
1982	22326
2469	22976
1792	22069
280	9393
1232	21306
1937	22270
2481	22990
2203	11951
392	13008
1404	17986
2085	15338
1025	21043
1310	10735
1888	15039
2010	18846
188	12726
1413	10889
1118	14008
2534	19609
2181	11928
2247	15539
2159	19078
621	9842
400	13022
1246	17755
1578	14616
1837	22125
1227	14140
2570	23114
1311	10737
630	16861
1365	17939
1544	18184
2246	12038
2039	22422
1012	21032
1605	14654
2092	11832
1838	14990
801	10096
1865	18647
233	16321
2313	15634
1171	17658
2454	19497
894	10221
1564	11094
1116	17574
1093	21145
929	13735
828	20769
2416	15793
1250	21328
1596	18250
5	19675
1007	21017
698	16966
2506	19560
1581	14622
18	9072
2065	11792
2392	19405
960	17355
1230	10640
1382	17953
1384	17960
2260	15560
605	16823
914	10242
1335	17881
191	19902
2551	15973
505	16698
684	9927
1747	11374
2568	19660
1940	15130
1819	11451
2525	19593
588	16805
543	16748
1355	17918
803	17144
1245	21321
507	9691
177	9271
1328	14269
1637	18305
1846	18629
2466	22975
391	16545
341	12919
2266	22697
1269	17790
1798	14925
657	16898
482	13120
1998	15198
619	20477
2018	11711
1368	17943
376	12984
2560	23097
890	20868
2108	15373
87	16124
187	19891
2357	22818
1648	18332
1081	21117
833	10140
1521	11038
675	16933
1142	10511
1828	22110
55	16089
2561	15990
1944	22283
283	16390
2523	19590
155	16209
1302	21396
1210	21285
319	16429
954	20946
1541	18183
1379	21526
555	16774
633	13306
2212	22634
1358	17924
687	13392
385	9517
49	19735
246	19971
2291	19263
334	20086
1810	18564
1235	14148
1496	14504
477	16669
350	16483
1670	11259
411	20215
253	12806
1231	10641
459	20290
1612	18266
1716	11334
1956	15152
1178	10566
1050	13892
359	16494
214	9315
141	19832
2140	15410
1046	13881
1041	17443
694	9935
363	20135
904	17288
1238	21313
643	16889
1494	14501
2245	19213
1510	14529
1026	21045
2114	19039
1649	21851
1259	17776
2190	19133
818	20763
1336	10775
1817	18588
966	13780
645	9868
248	19977
738	13462
2471	12347
1192	17693
1631	21819
390	16542
328	16442
975	20965
586	13244
1471	18084
1706	21936
316	20056
129	19814
1635	21826
1386	10851
858	10175
278	20005
1830	14972
1263	17780
1768	11394
540	20381
2267	22699
1789	22062
1861	15011
2398	15771
78	19767
19	16041
2032	22409
917	13718
178	16240
920	20900
387	13005
1680	11273
2121	15392
2395	15769
1914	11569
1315	10740
2306	15626
949	17347
1530	14559
3603	30173
3909	24803
3054	29503
2691	23259
3085	29562
3231	29730
3407	28056
3847	26708
3928	26783
2855	25400
3505	28189
3644	28366
3682	30268
2958	25568
2605	26984
3284	29801
2991	27575
3182	29671
2821	27316
3079	27698
3170	27789
3826	30457
2896	23530
3767	26610
3523	24316
2621	25048
3760	26601
2898	25463
3920	28715
3405	26125
3824	30455
3173	27791
2663	25110
3270	25966
2584	25006
3673	28401
3283	25986
2592	28900
3999	30654
2667	23233
3019	27615
3695	26520
4049	24984
3761	24621
3163	23889
3611	24413
3821	30446
2940	23600
3193	25875
3213	27834
2805	27294
3111	23828
4027	28843
2922	23581
3982	26856
2869	27378
3668	28394
3684	30275
2964	27531
3265	27901
3848	26709
3152	27773
3883	24775
3055	27666
2648	25089
3465	28123
3379	26098
3139	29628
3613	28321
3870	26734
3796	30414
4035	30711
3639	28353
2947	27495
3492	28172
2779	25281
3542	26285
3381	29919
3131	29624
2880	27393
3056	25707
3667	28393
4537	31562
4245	34492
4134	36012
4835	33808
5055	32510
4824	35471
4452	34822
4381	36446
4657	35192
4576	36770
4872	37346
4754	31995
4752	33678
4274	32885
4119	32650
4185	34385
4739	33664
4457	36553
4392	31325
5054	35853
4862	32157
4610	36837
4772	33703
4120	35988
4608	31709
4378	34710
4697	37005
4708	35293
4337	36363
4892	35577
4220	31024
4217	31012
4162	34350
4351	31263
4430	33133
4197	34411
4551	36715
4468	36574
4230	32818
4092	32591
4476	31471
5008	35786
4538	34952
4611	33427
4714	33630
4071	34219
4930	33970
4152	32684
4581	33377
4121	35989
4432	31395
4186	32747
4963	32347
4448	33158
4921	33946
4665	35211
4583	31658
4180	32743
4066	34215
4552	36718
4557	33327
4959	34021
4116	32643
4829	33795
4898	32223
4878	37360
4306	31185
5038	35815
4813	37240
4087	32524
5003	34093
4636	36894
4244	32847
4160	30911
4786	32054
4435	34798
4850	35515
4994	32393
4768	32028
5022	34119
4264	32875
4725	35318
4937	37471
4567	35005
4670	36968
4751	35355
4663	31817
4347	31255
4558	31618
4616	31718
4868	32175
4138	30881
4516	33248
4390	34728
4870	32178
4155	36039
4441	31409
4587	33384
4876	33885
4861	37307
4247	36202
4732	33650
4199	36118
4300	34571
4406	36471
4925	33965
4765	37140
4191	32752
4408	31348
4532	36668
4487	31490
4706	33606
4223	31026
4131	36007
4482	36601
4135	32660
4293	36285
4233	31050
4481	31486
4508	33241
5012	37589
5005	32422
4545	31573
4698	31870
4903	33917
4312	31200
4241	36189
4507	34912
4150	32683
4409	34770
4159	32694
5039	32467
4480	31485
4319	32967
4517	33250
4490	34891
4620	35114
4281	31131
4193	30969
5031	35807
4571	35012
4704	31887
4057	30741
4056	34203
4639	31759
4655	35185
4960	32341
4460	31434
5002	32410
4146	32673
4934	37461
4856	37304
4687	33573
4109	32634
4951	34010
4520	34928
4969	37517
4067	34217
4318	32960
4211	36145
4816	35461
5016	35794
4889	35573
5018	34111
5065	37698
4477	31472
4936	35661
4413	36494
4098	30797
5045	37644
4511	36643
4353	34668
4267	36235
4090	34240
4778	33714
4800	33756
4091	32590
4630	33476
4890	35574
4874	32190
4648	31788
4362	34688
4082	32572
5032	37618
4773	35394
4178	34378
4268	36239
5195	40148
5534	39477
5406	38216
5093	38873
5706	41925
5504	40586
5759	41999
5254	39097
5489	38318
5685	39711
5147	37820
5574	40695
5764	38692
5122	37779
5272	40260
5509	38356
5296	39151
5563	40677
5523	39458
5333	40336
5550	39490
5193	39023
5716	38630
5710	39743
5578	41753
5429	40483
5705	39733
5707	40880
5398	39301
5421	38239
5492	40563
5196	39026
5171	40119
5864	38812
5158	37845
5494	38329
5576	39534
5645	40792
5285	38029
5441	38261
5192	41260
5071	41084
5458	41597
5207	41267
5245	37953
5383	40413
5724	41956
5234	40197
5460	41599
5451	38273
5167	38986
5672	41881
5782	39832
5742	41976
5732	38650
5240	39072
5594	38472
5108	37763
5295	40294
5105	38879
5539	38397
5774	40970
5736	39767
5792	40987
5541	40637
5510	41655
5086	37725
5719	38632
5822	39897
5466	41605
5815	39883
5462	40526
5479	39398
5338	39200
5098	41125
5183	40132
5101	37753
5861	41060
5831	42090
5452	39369
5515	38365
5855	39934
5345	38123
5319	39180
5427	39339
5713	41941
5434	38251
5529	39470
5808	42062
5180	39005
5444	41578
5246	40223
5206	40160
5658	41854
5884	42155
5233	39068
5786	38718
5104	40020
5634	40774
5682	40849
5332	39192
5683	39703
5223	37913
5581	41755
5502	40583
6094	43502
6378	42984
6464	44154
6306	42864
6117	44589
6212	43697
6002	44385
6878	46826
7019	47928
7078	49923
8078	51229
7238	52492
7573	52872
7455	52746
7982	54517
8055	52356
8294	55580
8593	55932
8227	56974
8716	56816
8445	55755
8216	55500
8571	55173
8209	55492
8546	55142
8270	55556
8122	56840
8516	57282
8541	57315
8134	56114
8514	56576
8661	56019
8643	57452
8350	54940
8191	56920
8181	56910
8802	57626
1712	21946
2073	18969
1611	21798
784	10062
2269	19237
2	9049
1458	10940
1366	21504
1518	14541
2397	22871
1951	11626
537	13187
1499	18125
2217	19169
813	20757
1880	11519
545	16750
199	19917
1265	14185
261	19988
2135	19055
2062	18955
538	16744
1212	10614
27	16052
510	9696
1414	21580
553	9760
1609	14658
3867	30514
3300	29824
2589	28897
3432	24195
3148	23876
3855	30503
2941	29366
4209	30999
5047	37650
6078	42480
6428	43075
6071	43459
6936	48747
7162	50021
6875	47761
6758	46667
7954	54453
7853	50946
8814	58732
916	20896
2354	22811
1058	10420
1344	14282
515	9701
2318	15645
2349	22796
955	10283
792	10074
2126	11870
758	13496
924	13724
593	16815
1902	11546
1282	10701
404	9547
727	17014
1719	14815
672	9913
133	16181
135	19819
2513	23034
1439	14427
122	16159
2420	22906
878	13676
1840	22128
2160	19079
2231	15517
1927	22260
585	9795
797	10091
1903	15072
845	17195
440	20261
1983	18797
94	12613
1630	14696
836	13604
2512	23032
2312	19285
1117	17576
429	9596
1372	21518
1677	11270
1043	13876
325	16439
534	13183
526	13165
3401	26118
2857	29246
2752	27204
3506	26247
2617	26997
4044	26935
2906	27430
4279	36265
4253	32857
4084	32576
4341	36374
4242	32843
4899	33909
5573	41746
5146	37819
5099	40013
5322	41436
5604	40729
5472	40534
5827	38773
5833	38781
5271	39115
5161	41208
5074	39973
5463	40528
5751	39794
5743	38662
5621	38496
5355	40366
5464	39386
5568	38444
5090	38872
5222	37912
5169	37858
5585	40706
6476	44173
6416	44061
6205	45769
6170	44670
6138	44620
6467	46270
6203	43685
6265	44842
6086	43487
6176	42626
5951	43273
6087	44533
6231	43722
6051	44465
6405	43044
6016	45443
6208	43695
6177	45700
6357	45024
6372	45050
6104	42521
5984	42317
6452	46238
5950	43272
6193	43679
5938	43252
6093	42498
6160	44656
6005	43338
5956	45370
6055	42432
6466	43146
6152	43596
6228	45801
6047	42416
6184	44683
6460	46254
6174	44674
5978	45403
6027	45467
6017	43351
6456	43129
6135	42564
5974	42304
6288	42822
6018	43352
5919	45306
6020	45451
6304	45945
6148	43592
6096	44558
6423	45152
5894	42174
6444	45187
6251	45843
6376	45066
6292	45915
6465	46265
6136	42566
6120	43538
5972	45392
6127	43559
5948	45366
5991	44363
6022	43366
6050	42424
5929	43234
6171	43625
6110	43527
6129	44611
6103	44568
6207	44735
5903	45288
6200	42663
6260	43770
6322	42882
6414	45141
6326	43882
6448	44110
6009	44397
6019	42365
6013	44399
6214	42680
6169	45683
6290	42826
6239	42731
6218	42696
6100	45581
6219	45787
6128	44610
6036	44438
5989	42324
6367	43972
6075	42471
6048	45491
6012	43347
6237	45815
6334	42915
6355	45021
6250	44811
6436	45179
5964	44325
6065	44476
6432	44092
6097	42508
6337	43909
6004	44387
6224	42705
5970	42299
6409	46153
6062	43431
5931	42233
5961	44320
6035	43379
5976	45398
6901	48696
6486	47231
6873	47760
6876	46823
6922	46875
6859	47744
6774	49522
6717	49454
6780	49532
6595	46472
7064	48932
7044	47966
7059	47049
6690	47540
6524	46353
6611	47409
6742	47609
7008	48838
6914	49701
6478	49107
6782	49535
6957	48767
6499	46321
6969	49762
6962	47849
6692	48451
6785	46710
7094	48994
6610	49294
6976	47867
6996	49805
7038	49861
7144	49999
7057	49885
7124	49978
6931	47822
7155	50011
7106	47114
6633	49324
7176	50044
7069	48937
6821	47708
6872	48662
6672	48413
7108	49963
7077	47075
6552	46388
6986	49790
6712	47576
6625	47433
6666	46573
6944	46896
6877	47763
6728	48495
6510	48220
7151	47164
6650	49355
7128	49032
7152	48119
6622	47424
7104	48067
7126	48085
7055	49879
6745	46654
7123	48080
6907	47797
6705	47565
6825	48606
6734	47603
6769	47644
7119	49021
6881	49658
7129	48088
6903	48700
7001	46962
7173	49098
6555	49200
7145	48104
6710	47572
6898	48693
7122	48078
6505	46331
6913	46866
6985	49789
6954	49742
6702	48465
6617	48342
7117	49970
6659	48397
6684	48436
7167	49091
6631	48358
6686	46604
6544	47298
6612	46485
6648	46540
6891	48686
7004	47912
6847	46794
6955	49747
6695	49424
6718	49456
6927	48737
7121	49023
6768	46679
6541	48238
7091	47101
6956	46913
6803	46733
7110	47117
6615	49299
6509	48219
6754	47621
6646	46535
6795	47674
6665	48405
6573	47342
6884	47771
6504	46328
7150	48116
6749	49493
6621	46493
7163	48134
6975	47862
7156	48121
6923	48726
6786	48554
6601	49277
7131	47133
7003	46963
6713	47580
6822	48600
7179	49105
6788	47667
6575	48291
7006	46970
6517	46348
6527	47274
7088	47094
7154	49070
6744	48516
6738	46650
7080	48970
6561	48264
6855	48645
6840	48624
6961	46917
6593	48311
6756	49509
6852	48640
6618	46492
6848	47726
6816	46762
6519	49155
6874	46822
6662	49373
7142	49998
6635	46508
6568	48282
6581	47359
6735	48504
7084	47091
6910	49692
6849	46795
7068	47060
6826	48610
6683	47527
7096	48054
7168	48143
7016	48850
6480	46302
7023	48860
7022	49840
6946	48756
7097	49950
6500	47247
6978	47876
6779	49531
7993	53391
8022	53426
7915	51014
7869	50965
7218	52468
7457	51602
7610	50599
7281	50151
7500	53907
7547	50515
7229	50094
7521	52814
7190	50060
7622	51801
7560	53980
7299	52560
7586	50570
7726	50779
7913	52175
7926	52186
7308	53681
7551	52848
8009	54549
7387	52664
8079	52387
7467	50411
8006	54546
7431	50365
7517	51681
7282	50152
7204	51296
7447	53866
7342	53727
7419	51557
7340	53725
7806	54297
7930	51025
8032	54578
7214	50081
7780	54257
7826	50924
7566	53993
7693	50726
8035	53446
7681	54134
7345	52621
7694	50729
8040	52340
7972	52236
7442	52734
8023	54563
7220	51310
8097	54656
7279	53649
7795	52025
7506	50459
8100	52413
7671	52995
7768	51986
7756	50834
7411	52693
7797	52029
7599	52909
7213	52461
7684	50717
7950	52215
7805	54296
7754	50832
8136	54697
8663	57474
8183	55452
8245	56269
8394	57154
8165	54737
8626	55976
8390	56433
8671	55294
8175	55447
8913	58483
8954	57808
8984	58904
1182	17674
238	12782
1001	13828
2248	19220
2180	15443
770	20690
977	13796
2542	19626
176	9270
1354	10806
3863	24745
3836	30470
3202	29694
2834	25364