1616	21806
4021	30689
4284	31138
5448	41586
6189	42641
221	16311
1807	14940
2315	19290
3125	29619
2813	23438
2787	27257
2722	29055
3725	24570
3636	24443
3228	27845
4504	33237
4176	32739
4741	35344
4979	34051
4202	34423
5708	39736
5809	42064
5537	40633
5468	40531
5787	42030
6333	44979
6293	45917
7098	48998
6489	49118
6714	49449
7417	51553
7702	50743
8162	56899
8464	55783
8406	55000
8857	57673
8759	57933
8751	57563
8845	58401
8881	57701
2431	12309
892	13689
104	9201
2199	11948
2540	19622
1425	10907
265	12822
1961	18777
1114	14003
763	10035
583	13236
60	19751
1126	21181
918	13720
2478	15887
1391	14357
1103	13989
817	13585
976	20969
1932	22266
969	17363
31	19724
1811	11437
961	13775
1924	18734
1776	14899
1671	21883
998	20993
513	9699
277	16384
1851	22148
956	20948
764	17080
620	9840
985	20978
1757	18502
982	17377
3516	24306
2920	23578
3274	25969
3589	26351
3373	29912
3608	28315
2976	27560
2901	27421
3675	24499
3278	29793
2654	28981
3827	28574
3502	24289
2623	28941
3859	28629
3026	27629
2636	25076
2597	25017
4046	26939
3858	24738
3630	26407
2847	25383
3178	23901
2762	29111
3463	28120
2846	27348
3418	26137
3917	28712
3804	26655
2817	29185
3185	23908
2631	27022
4926	37441
4332	32995
4701	33591
4932	33986
4304	34576
4402	36468
4809	33769
4336	31231
4947	34007
4721	37048
4515	36651
4221	32808
4506	34911
4866	37333
4839	33831
4278	36261
4952	32331
4623	35123
4499	34903
4819	33779
4627	35137
4365	36415
4820	35468
4250	34498
4962	37504
5150	37827
5812	39878
5638	39609
5136	37805
5218	37908
5212	41274
5088	40000
5316	38077
5698	39723
5805	39869
5553	39495
5528	39468
5359	38146
5675	41888
5490	41631
5520	41673
5164	37849
5130	41158
6057	45508
6457	44132
5994	45415
5891	42169
5900	43181
6063	42445
6278	43794
6116	42539
6021	45453
6155	42591
6450	46230
6346	46032
5897	42177
6276	44864
6368	43974
6445	44107
6363	46068
7135	48099
6830	48616
7171	50038
6864	46817
6748	48517
6652	49358
6984	49788
6902	48697
6828	49592
6776	46694
6506	46332
6939	47826
6551	47302
6929	46882
6663	49376
6638	48365
6807	49563
6883	47770
6628	48353
6706	46619
7125	49028
6535	47285
6926	48734
6755	47622
7146	47148
6656	47488
7221	52471
7445	50385
7510	51671
7508	51668
7852	52088
7381	53766
7289	53658
7596	52905
7556	53971
7863	53236
8021	53422
7225	52476
7959	54466
7571	50547
7910	54404
7409	52688
7908	54397
7750	54213
7475	52777
7524	51692
7375	50293
7868	50964
7746	53091
7452	50392
8046	53458
7721	53060
7250	52500
7843	54328
8096	51251
7841	53213
8075	54631
7686	51888
8560	55160
8167	55443
8611	55955
8386	56431
8248	56273
8347	57108
8179	56168
8583	55922
8720	55375
8438	57197
8610	56680
8687	55340
8291	54872
8573	55179
8459	56517
8639	57447
8559	55159
8442	55749
8397	56441
8251	54832
8570	55904
8534	55856
8512	56570
8284	56314
8616	55233
8694	56067
8698	55354
8415	55714
8149	56134
8696	57518
8117	54677
8955	57809
8797	57622
8997	57856
9029	58954
8794	58711
8902	57733
8841	58395
8835	57655
8724	58251
8847	57664
8838	58390
8781	57597
8963	58535
8787	57607
8783	58329
8795	58349
8820	57639
8742	58646
8782	57598
8972	58553
8903	57735
8939	57778
9004	57865
8761	57572
8909	57744
228	16314
1981	18796
171	19859
357	20127
766	13506
2314	12122
478	16670
829	20770
1089	21138
1594	11139
2214	11984
202	16288
1495	21660
1650	11227
315	16423
1035	17437
759	10028
444	20270
2310	22743
243	12794
247	19973
1908	11560
11	12503
823	20765
2030	11733
235	9334
802	17143
2495	23009
728	17015
1367	10821
1392	14359
271	12830
2417	12286
405	9548
680	13387
431	13062
377	12985
1109	13995
232	9330
2285	15601
2271	15573
800	20743
1963	22302
1516	14537
1277	14200
1921	18730
1341	21457
606	20463
644	9867
604	9818
1474	14461
2304	15624
2376	22831
2479	19525
846	10157
990	10324
1682	11282
1167	17651
255	12813
1709	11326
2307	15627
314	16421
1031	21050
1243	17754
1639	11214
2382	22842
2136	15408
389	20170
2142	11886
1619	21810
1454	18062
2066	18962
1644	11222
745	17044
722	17006
1201	10597
1203	17705
1305	21401
330	20077
2206	11957
542	9735
1936	11597
1085	10463
45	12550
1493	18117
1069	17492
1450	14438
636	9857
1862	11494
361	16500
667	9901
1897	18682
346	12931
1546	14581
1352	14306
936	13744
1102	21155
2362	15709
1318	17856
2533	19608
670	9912
2464	12339
1406	21563
1853	18636
1153	21211
467	16654
2047	15270
213	19934
1457	21613
581	9792
1290	21381
1240	10652
700	20595
970	13786
655	20521
2144	19062
2145	22553
2218	15494
1745	14863
721	9969
994	10327
2093	22497
1420	14402
2535	19611
2316	22747
475	20310
556	9761
2022	15244
86	9175
2256	19226
454	16641
1918	22252
1535	11056
1513	18147
2302	22739
704	16977
2374	19372
2334	19319
1070	21103
1444	10928
1331	21441
2625	25056
3837	28593
3814	26664
2943	27489
3091	29574
3521	28202
3462	28119
3479	24256
3753	26589
3733	30334
3421	26140
3913	28706
3912	30570
3008	25642
2807	27298
3981	24887
2678	23245
3835	30469
3007	29443
3046	29495
3623	28336
3587	26350
3071	23773
2627	23178
3356	27993
3899	24789
3156	29648
3264	24010
3720	28455
3069	27685
3335	26043
3124	29618
3155	25841
2916	29332
2946	23606
3040	23733
3846	28613
4043	24977
3001	27585
3921	30579
2851	23474
3169	25850
3351	24101
3838	28594
3214	23943
2928	27476
2802	27287
2618	28929
2809	25337
2803	23423
4052	30727
2638	27033
3449	28096
3252	27876
2646	25087
3137	29626
3701	26529
3882	24774
3954	30614
3217	23946
3437	24198
2944	27490
3768	30370
3570	24367
3298	29822
3752	24604
3584	24380
2626	23177
2863	23486
2728	27177
3687	26510
3361	28005
2665	27067
3475	24249
3168	23892
3436	28079
2690	27113
3833	24700
3292	24032
3120	23843
3088	25762
2804	25323
3377	28021
2884	23506
2853	23477
3454	26173
3235	27856
3779	30384
3558	30109
3363	28009
3256	24001
2673	27078
3041	29481
2814	23439
3342	26048
3551	26303
3731	26555
3884	30535
3600	26368
3568	26324
2713	25183
3907	30562
3916	28709
3336	27977
3486	30036
3036	23726
3415	29955
3759	26600
2965	27534
2772	27234
2634	25071
2849	29235
2641	23194
4042	24975
2658	23217
2998	29425
3817	28565
3742	26575
3038	29474
2790	25299
3365	29905
3517	24309
3994	30648
3221	29719
3243	27864
2952	25558
3681	30266
3105	27730
2614	26991
3801	30421
4017	24933
3932	30594
2903	23542
3011	29448
3721	24566
3553	28242
3669	24494
2997	25623
2824	23445
2945	23604
2677	23244
3358	24109
2871	25416
3580	30141
4041	28865
3583	28284
2630	27023
3478	26198
3927	30589
3696	26521
2701	23269
3534	30085
3282	25983
2640	23192
2765	25257
3103	25783
3480	26204
2633	28952
3591	26355
2747	27194
3686	30281
3201	29689
2577	26952
2588	25009
3306	24054
2692	23260
2660	23219
2586	25007
4031	28847
3662	30251
3438	29974
3758	24611
3987	28797
3806	28560
3547	26296
3621	26395
2891	25446
3194	27806
3249	23989
3496	30053
3060	25716
3224	29723
3106	23823
3295	25997
3880	26742
2645	27040
3339	26044
2972	29404
3457	29996
3150	27771
3871	30520
2925	27472
3830	24696
3575	28264
3656	28381
4048	28880
3624	26403
2975	27559
3406	24164
2602	28907
3180	25860
3313	27954
2959	27524
3923	30581
3209	29702
3764	30368
3078	27696
3816	30435
3326	26029
3622	28333
3034	25674
3559	30111
2730	23309
2649	23204
3543	28220
2801	25315
3095	29579
3121	25807
3068	23767
2900	25473
2593	25011
2575	26950
3450	26165
3540	28216
3051	27662
3763	28508
3678	26489
4040	30717
3110	27737
3464	26184
3930	26786
2907	25492
2987	29416
3601	30171
2919	29341
3679	26492
3127	27759
2836	27332
3383	28029
3926	26782
3186	23909
2931	29356
3946	28749
3080	29555
2909	23553
3031	23721
3783	30393
2628	25059
3058	29510
3497	28182
4000	26878
2711	23285
3734	24586
3649	24461
2783	25289
2848	23472
3275	24019
3998	24902
3762	24622
3279	25979
3514	24304
3368	26089
2911	23562
3199	27812
3399	28047
3113	23831
3329	29858
3554	26307
2859	23482
3014	29449
3491	24279
3143	27764
2815	27307
2723	23296
2921	27466
3873	28651
2969	27543
2726	25202
3250	25937
3943	26801
3741	28483
3770	28515
2609	28923
2718	29047
2729	27179
3680	24503
3648	28371
3314	27955
2820	27315
2971	27554
2862	29249
2639	25078
3707	24541
2694	23261
3961	30620
2875	25422
2761	23357
3798	30416
3429	24191
3934	24837
2938	23599
4086	35924
4542	33288
4991	32387
4910	35620
4055	30740
4635	33485
4415	36495
4154	36032
4958	35696
4485	34885
4626	36880
4447	31420
4700	35273
4182	36094
4321	36332
4107	35964
4845	37291
4804	32084
5035	34132
4679	31841
4187	36103
5019	32436
4559	36733
4439	36531
4493	36616
4521	33254
4488	36605
4860	33855
4079	30767
4290	32911
4115	32640
4597	31684
4418	33118
4127	32655
4653	31797
4345	36381
4818	37246
4326	34626
5470	40533
5286	39135
5622	40749
5512	40596
5711	39745
5612	39574
5680	40842
5310	38066
5424	41558
5241	41308
5807	39870
6232	44771
6335	43902
6229	44767
6223	45793
6040	44447
6386	43001
5939	44287
6295	42837
6453	44128
6183	45707
6113	44587
5980	42312
6125	44603
6345	45009
6168	44667
5945	43267
5935	45342
5928	45322
6254	42762
6262	43774
6474	46285
6371	43976
6301	44924
6054	42430
6124	43550
5895	44204
6133	45637
6349	46046
6248	44809
5941	42263
6315	44948
6163	45674
6348	42946
6433	43082
6175	45695
5946	42270
6045	44453
6331	42911
6389	45094
6201	42666
6477	46293
6352	45018
6234	42720
6052	42428
6126	45626
6332	44978
6314	43865
5971	43291
5986	44351
6307	44937
6430	44087
5911	45299
6393	45107
6210	44740
6540	46374
6671	49383
6806	47688
6733	48501
6661	47502
6815	46761
6870	46820
6624	48352
6964	47850
7102	49955
6983	48802
6897	48692
7017	47925
6993	48809
6487	47232
7619	52932
7666	50696
7513	53924
7767	50844
7643	50648
7940	53311
7821	54311
8001	52292
7374	53763
7389	51521
7833	54320
7423	51562
7626	54064
7840	52071
7490	53894
7392	52670
7583	51759
7428	50361
7607	50594
7449	51593
7678	51883
7634	51820
7614	51790
7432	53830
7981	54515
7720	54178
7352	50269
7952	53330
7680	54131
8081	51230
7753	54216
7559	52856
7533	50489
7977	51091
7311	53689
7519	50474
7278	51382
7951	52216
7704	53041
7192	53546
7734	51939
7636	54074
7275	51377
7878	52128
7928	53294
7830	53197
7361	53753
7358	53749
7493	51642
7914	52176
8094	54647
7481	51622
8066	52369
7696	54141
7280	51385
7294	53663
7635	50640
7484	51627
7891	53253
7984	52257
7232	53598
7917	52181
7813	52041
7758	54218
7497	53905
7738	53077
7261	52514
7755	50833
7935	52195
8349	54936
8432	55034
8413	55008
8126	55388
8385	56430
8479	55797
8652	55268
8566	55901
8314	54891
8501	56560
8433	55035
8719	56819
8539	55133
8364	55666
8477	55796
8305	56337
8180	54752
8461	55777
8633	56706
8197	54783
8551	56623
8158	56891
8147	56131
8395	54990
8533	57305
8665	57475
8217	56232
8706	55363
8231	54811
8389	54983
8476	57238
8718	56817
8679	55307
8455	55056
8504	57270
8278	55563
8250	56274
8132	55398
8405	57162
8670	57479
8635	56708
8225	56970
8678	55306
8623	55238
8182	54754
8586	55923
8392	54987
8318	56351
8208	55487
8258	54845
8713	55374
8357	54948
8221	56234
8419	55720
8829	57649
8765	58666
8752	57567
8995	58918
8923	57765
8743	57558
8899	58461
8990	58203
8776	58690
9035	58961
8920	57762
8921	58495
8951	58167
8823	58381
8756	57569
8873	58780
8777	57958
8905	57736
8895	58099
8784	57600
8959	58878
8901	57732
8958	58178
8824	58017
8745	58651
8763	57936
9000	57858
8818	58735
8809	58719
8907	57737
8889	58093
8744	58650
8801	57988
9018	58943
8852	58760
8825	58021
8892	57720
8928	58499
9001	58214
8996	58919
8866	58423
8788	58705
9034	58238
8987	58909
8754	57930
8757	58277
8854	58055
9019	57884
8774	58310
9013	58940
8969	57828
8992	58206
8935	58141
8811	57999
1143	17611
2239	22676
149	12677
2141	11884
2026	11726
2493	19545
1056	13910
2469	22976
1937	22270
2203	11951
392	13008
1404	17986
2085	15338
1310	10735
2010	18846
1413	10889
1118	14008
2534	19609
2181	11928
1837	22125
630	16861
1365	17939
2246	12038
2039	22422
1012	21032
1605	14654
2092	11832
1865	18647
233	16321
2313	15634
1171	17658
2454	19497
894	10221
1564	11094
1116	17574
1093	21145
929	13735
1250	21328
1596	18250
698	16966
2506	19560
1581	14622
18	9072
2392	19405
960	17355
1230	10640
1382	17953
2260	15560
1335	17881
191	19902
505	16698
684	9927
1747	11374
2568	19660
1940	15130
2525	19593
588	16805
1245	21321
177	9271
1328	14269
1846	18629
2466	22975
391	16545
2266	22697
657	16898
1998	15198
2018	11711
1368	17943
376	12984
2560	23097
890	20868
87	16124
2357	22818
1648	18332
833	10140
675	16933
1142	10511
1828	22110
55	16089
2561	15990
1944	22283
283	16390
1302	21396
1210	21285
319	16429
1541	18183
633	13306
2212	22634
687	13392
385	9517
49	19735
246	19971
2291	19263
334	20086
1810	18564
1235	14148
1496	14504
350	16483
1670	11259
411	20215
1231	10641
459	20290
1716	11334
1956	15152
1050	13892
359	16494
214	9315
141	19832
2140	15410
1046	13881
363	20135
1238	21313
2245	19213
1026	21045
1649	21851
2190	19133
966	13780
645	9868
248	19977
2471	12347
1631	21819
975	20965
1471	18084
1706	21936
1635	21826
1386	10851
858	10175
1263	17780
1768	11394
1789	22062
1861	15011
2398	15771
78	19767
2032	22409
917	13718
920	20900
387	13005
1680	11273
2121	15392
2395	15769
2306	15626
3603	30173
3909	24803
3054	29503
2691	23259
3085	29562
3231	29730
3407	28056
3928	26783
2958	25568
2605	26984
2991	27575
3182	29671
2821	27316
3079	27698
3170	27789
3767	26610
2621	25048
3760	26601
2898	25463
3405	26125
3824	30455
2663	25110
2584	25006
3673	28401
3283	25986
3999	30654
4049	24984
3761	24621
3821	30446
2940	23600
3193	25875
2805	27294
4027	28843
2922	23581
2869	27378
3668	28394
2964	27531
3848	26709
3883	24775
3055	27666
2648	25089
3379	26098
3613	28321
3796	30414
4035	30711
3639	28353
2947	27495
3492	28172
2779	25281
3542	26285
2880	27393
3056	25707
3667	28393
4537	31562
4245	34492
5055	32510
4381	36446
4657	35192
4576	36770
4752	33678
4274	32885
4185	34385
4739	33664
4610	36837
4772	33703
4120	35988
4708	35293
4337	36363
4220	31024
4162	34350
4351	31263
4430	33133
4197	34411
4551	36715
4468	36574
4230	32818
4476	31471
5008	35786
4714	33630
4071	34219
4152	32684
4581	33377
4121	35989
4432	31395
4963	32347
4921	33946
4583	31658
4180	32743
4552	36718
4557	33327
4959	34021
4116	32643
4878	37360
4306	31185
4813	37240
4087	32524
4636	36894
4160	30911
4786	32054
4435	34798
4850	35515
4994	32393
5022	34119
4264	32875
4725	35318
4937	37471
4670	36968
4751	35355
4663	31817
4347	31255
4558	31618
4616	31718
4868	32175
4138	30881
4516	33248
4390	34728
4870	32178
4155	36039
4441	31409
4876	33885
4732	33650
4300	34571
4406	36471
4765	37140
4532	36668
4223	31026
4482	36601
4135	32660
4293	36285
4698	31870
4903	33917
4312	31200
4241	36189
4150	32683
4480	31485
4319	32967
4620	35114
4281	31131
5031	35807
4571	35012
4704	31887
4057	30741
4056	34203
4460	31434
5002	32410
4146	32673
4934	37461
4856	37304
4687	33573
4109	32634
4951	34010
4969	37517
4067	34217
4211	36145
5016	35794
4889	35573
5018	34111
5065	37698
4477	31472
4936	35661
4098	30797
4353	34668
4267	36235
4090	34240
4778	33714
4800	33756
4091	32590
4630	33476
4874	32190
4362	34688
4178	34378
4268	36239
5534	39477
5147	37820
5574	40695
5764	38692
5272	40260
5509	38356
5523	39458
5333	40336
5550	39490
5716	38630
5429	40483
5705	39733
5398	39301
5421	38239
5492	40563
5171	40119
5158	37845
5576	39534
5645	40792
5285	38029
5192	41260
5207	41267
5245	37953
5451	38273
5167	38986
5672	41881
5742	41976
5108	37763
5295	40294
5105	38879
5736	39767
5510	41655
5822	39897
5466	41605
5815	39883
5462	40526
5479	39398
5338	39200
5098	41125
5183	40132
5861	41060
5831	42090
5452	39369
5515	38365
5713	41941
5529	39470
5808	42062
5444	41578
5658	41854
5786	38718
5104	40020
5634	40774
5682	40849
5332	39192
5683	39703
5223	37913
5581	41755
5502	40583
6378	42984
6464	44154
6117	44589
6878	46826
7019	47928
7078	49923
8078	51229
7455	52746
7982	54517
8055	52356
8294	55580
8593	55932
8227	56974
8445	55755
8209	55492
8270	55556
8516	57282
8541	57315
8514	56576
8661	56019
8643	57452
8191	56920
8181	56910
8802	57626
1712	21946
2073	18969
1611	21798
784	10062
2269	19237
2	9049
1458	10940
1366	21504
1518	14541
2397	22871
1499	18125
2217	19169
1880	11519
545	16750
199	19917
1265	14185
2135	19055
2062	18955
538	16744
1212	10614
27	16052
510	9696
1414	21580
553	9760
1609	14658
3867	30514
3300	29824
3432	24195
3855	30503
2941	29366
4209	30999
6428	43075
7162	50021
6875	47761
6758	46667
7853	50946
1058	10420
2318	15645
2349	22796
792	10074
758	13496
924	13724
1282	10701
404	9547
727	17014
672	9913
133	16181
135	19819
1439	14427
2420	22906
878	13676
1840	22128
2160	19079
2231	15517
1927	22260
1903	15072
440	20261
1983	18797
94	12613
1630	14696
836	13604
2512	23032
429	9596
1372	21518
1677	11270
1043	13876
325	16439
534	13183
526	13165
2857	29246
3506	26247
2617	26997
2906	27430
4253	32857
4899	33909
5099	40013
5604	40729
5472	40534
5161	41208
5074	39973
5621	38496
5355	40366
5464	39386
5568	38444
5222	37912
5169	37858
5585	40706
6476	44173
6416	44061
6205	45769
6467	46270
6203	43685
6231	43722
6051	44465
6405	43044
6208	43695
6177	45700
6357	45024
6104	42521
5984	42317
5950	43272
5938	43252
6093	42498
6160	44656
6005	43338
5956	45370
6055	42432
6152	43596
6228	45801
6047	42416
5978	45403
6027	45467
6456	43129
6135	42564
5974	42304
6288	42822
6018	43352
5919	45306
6304	45945
6148	43592
6423	45152
5894	42174
6444	45187
6251	45843
6376	45066
6292	45915
6120	43538
6127	43559
5948	45366
5991	44363
6171	43625
6110	43527
6129	44611
6103	44568
6207	44735
6260	43770
6414	45141
6009	44397
6019	42365
6013	44399
6214	42680
6169	45683
6290	42826
6239	42731
6218	42696
6100	45581
6219	45787
6128	44610
6036	44438
5989	42324
6048	45491
6237	45815
6334	42915
6355	45021
5964	44325
6004	44387
5931	42233
6901	48696
6486	47231
6859	47744
6774	49522
6780	49532
7064	48932
7044	47966
7059	47049
6690	47540
6611	47409
6914	49701
6478	49107
6782	49535
6957	48767
6499	46321
6969	49762
6962	47849
7094	48994
6610	49294
6976	47867
6996	49805
7144	49999
7057	49885
6931	47822
7106	47114
6633	49324
7176	50044
7069	48937
6872	48662
6672	48413
7108	49963
6552	46388
6986	49790
6625	47433
6877	47763
6728	48495
6510	48220
6650	49355
7128	49032
7152	48119
6622	47424
6745	46654
6907	47797
6705	47565
6825	48606
6734	47603
6769	47644
7119	49021
6881	49658
7129	48088
7001	46962
7173	49098
6555	49200
7145	48104
6710	47572
6898	48693
6505	46331
6913	46866
6954	49742
7117	49970
6659	48397
6684	48436
6631	48358
6686	46604
6544	47298
6612	46485
6648	46540
6847	46794
6955	49747
6718	49456
6927	48737
7121	49023
6541	48238
7091	47101
6956	46913
6803	46733
7110	47117
6509	48219
6646	46535
6795	47674
6749	49493
7163	48134
6975	47862
7156	48121
6923	48726
6601	49277
7131	47133
6713	47580
6822	48600
6788	47667
6575	48291
7006	46970
6527	47274
7088	47094
7154	49070
6738	46650
6561	48264
6855	48645
6593	48311
6852	48640
6848	47726
6816	46762
6519	49155
6874	46822
6662	49373
7142	49998
6635	46508
6568	48282
6735	48504
7084	47091
6849	46795
7168	48143
7016	48850
6480	46302
7022	49840
6946	48756
7097	49950
6978	47876
7993	53391
8022	53426
7915	51014
7610	50599
7521	52814
7190	50060
7622	51801
7560	53980
7299	52560
7726	50779
7308	53681
7551	52848
8009	54549
8079	52387
7467	50411
8006	54546
7517	51681
7282	50152
7204	51296
7419	51557
7340	53725
7930	51025
8032	54578
7214	50081
7780	54257
7826	50924
7566	53993
8035	53446
7681	54134
7694	50729
8040	52340
8097	54656
8100	52413
7671	52995
7756	50834
7411	52693
7797	52029
7599	52909
7213	52461
7950	52215
7805	54296
7754	50832
8136	54697
8183	55452
8245	56269
8165	54737
8626	55976
8390	56433
8175	55447
8954	57808
1182	17674
238	12782
1001	13828
2180	15443
3863	24745
3836	30470
3202	29694
2834	25364