3271	28759
7696	35585
9105	40785
10000	44998
11890	51064
5269	26513
2508	28273
3775	29084
2704	24928
7945	37671
7711	35593
7318	37216
7118	35151
5854	34208
6815	34899
7705	35588
5585	32129
8072	35856
8247	41512
8162	37854
8275	43214
9601	39520
9004	40670
8693	38500
8371	43302
8946	43982
8113	37795
10911	46788
10086	46161
11032	49135
10645	48861
10947	46809
10203	45175
9892	44915
9884	46030
11256	51464
11763	49925
11992	53196
12090	51239
13180	56045
12479	55483
12904	54843
12517	55505
12288	55323
14172	57794
13522	57266
14566	58142
13530	58427
13466	60672
15329	62889
15175	63482
14883	61844
15127	63446
15158	62074
14817	63194
15733	65373
15919	64831
15640	64952
15830	65806
15978	65568
15729	64662
15921	65173
15734	65030
2469	17666
1993	27975
1948	17367
2451	17654
5156	22975
187	23296
1725	20790
1647	27763
5353	19512
1022	16766
682	27125
4433	29461
159	23280
4073	22293
1064	20341
875	20221
3170	25201
1071	20345
4692	29636
3690	18380
2134	21052
4556	29541
1597	20692
3548	25440
1057	27383
3926	29169
5506	26666
3242	28741
1045	20324
1699	27792
3283	25271
3353	28809
1527	20635
163	19747
2639	24898
4227	29334
3563	18305
2693	21414
4651	19053
3103	25166
2186	24604
5278	26520
4253	29359
5350	30033
590	20037
3287	25273
3520	18277
1836	27869
2077	21019
2669	24908
623	16489
878	27270
4338	22462
1683	20756
961	27330
2857	17882
4944	22842
3726	29045
6006	34302
7986	32024
7167	31387
5982	32428
7710	31807
6785	31070
6005	30480
7617	37435
7971	33902
7749	35615
7638	37456
7898	35712
6979	33158
6765	36758
6346	34531
6916	33111
7884	31945
5618	35911
8012	37719
6198	32587
5768	34147
5831	36044
6094	34362
7635	37451
6354	34535
5759	36000
6009	30483
5664	30237
7990	37698
6860	34928
7138	33287
7283	33399
6310	36402
6432	34601
6530	30865
6336	32692
7552	31687
5563	35879
5642	34059
8078	32095
7634	37449
7302	35272
7675	31786
7989	33912
7643	33655
6822	36817
5898	32357
8957	40600
8730	42035
9473	41171
8517	41806
9236	40938
9265	44334
8237	43171
9183	42560
8589	41896
8924	38738
9328	42695
8306	38016
9199	42581
8364	41645
8702	38514
8692	38496
9570	39476
9094	42451
9201	40899
9532	41242
9522	44609
8798	42122
8323	39809
8743	38567
8615	43584
8084	39571
8974	40626
9254	39119
9341	41037
9434	39339
9545	44640
8116	43045
8721	38541
8183	41453
9266	44335
9251	39113
9017	40690
8353	41630
9277	42645
8918	43936
10163	46212
9933	44947
10233	48554
9681	44772
10576	45489
10806	47879
10060	47282
10905	49046
10047	46139
10108	46176
9799	44850
10637	45528
10328	45272
10078	46156
9744	44814
10751	46659
10809	48972
11094	48103
10802	48964
10232	46266
10535	46504
9646	44742
10039	45036
9878	44903
10824	47889
10686	45565
11043	45797
10366	48639
10434	46427
9798	45958
9766	47040
11937	50093
12125	52310
11116	51311
11573	51782
11372	49477
11744	52946
11799	49959
12058	52256
11404	50610
12149	51292
11866	52039
11181	49269
11195	49289
11291	52529
11413	49534
11897	51071
11151	50345
11498	50701
11248	49343
11560	51772
11439	51658
11286	49389
11696	52889
11606	52802
12052	53235
11441	50646
11707	52904
13108	56935
12875	56703
12302	55337
12254	55288
12772	55694
12590	56479
12977	54915
13157	55088
12564	54555
12690	54659
12567	54557
12921	56743
12681	54651
12768	54723
12476	55482
12314	54377
13148	56008
12337	53473
12463	56392
12963	53962
12765	56620
12356	53497
12966	56776
13097	55038
12978	54916
12696	55643
13083	56911
12472	53565
12360	54418
13237	55156
12974	56791
12942	54877
13054	56868
12701	56566
12318	55345
12874	55789
12571	56456
13146	54113
14405	58009
14101	57745
14668	61689
14208	60126
14243	57863
13515	57261
13310	60565
13364	60605
13854	59847
14100	57744
14170	61263
14123	58940
13591	57325
13621	57346
13725	58598
14293	61377
13702	58571
13534	58433
13478	58388
14116	61235
14148	58964
14538	60442
13946	61086
14522	61576
13473	60679
13758	58631
14458	61520
14218	57844
14207	61293
13570	60757
14638	60515
14268	59049
14070	57713
14004	57655
14428	61478
14620	61653
13561	60750
14228	59020
14023	57670
14443	59191
13840	58700
14026	58847
13432	59494
14536	61585
13787	59795
14551	61595
14105	58915
14555	59279
14246	60171
14030	59984
13935	58788
14631	60504
13566	58463
13480	60685
14032	58850
14330	59105
14514	58094
13837	60991
15443	64418
15154	62070
14997	64052
15014	62631
15436	62273
15437	62966
15162	63474
15352	62900
15393	62250
15155	64198
14821	62486
15238	63537
15568	62357
15567	62356
14743	63869
14901	61866
15196	64238
15144	64190
15383	62238
14804	63916
15532	62321
14842	61816
15012	63346
14843	62503
14820	61794
14773	63896
14926	62550
15556	64501
15505	63733
14907	63990
15499	63008
14742	63139
15558	62347
14827	62490
14779	63170
15046	63375
15096	64135
15381	63655
15321	62878
15326	63608
15106	64151
15028	63366
14853	63951
14761	63886
15570	62358
14711	63847
15179	64223
14708	63122
15032	61969
15157	64200
15410	63683
15672	65318
15756	64682
15802	64718
15795	65076
15825	64743
15908	65520
15728	65026
15681	64622
16009	65604
15881	65149
15764	65055
15693	64995
15697	65336
15810	65433
15690	64991
15824	65446
16030	65620
15973	65935
15839	64757
15952	65547
15938	65538
15818	64738
15677	65689
15922	65174
15805	65794
15745	65737
15679	65322
16046	65631
16020	65611
15977	65567
16042	64917
15709	65009
15962	64861
15647	64586
15814	64735
15846	64764
15990	64882
15653	65305
16038	65266
849	20211
3600	28963
2250	21124
5386	19537
2557	28312
4996	19293
4305	25901
545	23509
4130	25795
4954	26316
3949	18556
4435	18891
5135	19363
4565	26063
2782	28445
2318	24684
1333	27548
315	19836
4388	18866
3927	29170
617	20053
4630	29597
4451	22524
402	26949
2208	28092
1074	16795
1992	24465
1501	24140
1758	27823
4584	22618
3227	21748
4621	26095
2667	28380
3326	25296
1638	27754
3193	21726
1397	16997
2871	28501
380	26936
1697	24286
274	19805
1640	27757
2869	28499
3890	29147
1240	20457
3861	25640
1041	27376
1478	27654
4607	29577
4372	25937
2065	24512
5008	22884
3262	21777
3954	29177
4084	22301
4323	29400
2094	24531
3332	18142
4140	22323
4092	29243
282	17429
4994	29835
2874	21528
716	23629
1282	24020
1977	27960
4160	18713
4964	26324
876	16657
5007	22883
272	19804
3648	22017
1714	27803
2456	28227
2364	24706
5523	26676
820	23697
2590	24870
96	19710
2912	25048
5410	30064
3500	28898
4765	19123
3825	22127
1514	24155
1952	27950
3180	18062
37	19674
3016	17968
3057	21647
5052	22909
1458	20597
1716	20785
4787	26209
1893	27912
3221	28731
3645	18358
2679	21406
2884	25032
284	19811
4542	29530
2773	17832
5258	29982
3966	22220
843	16634
4817	19156
3867	22152
4800	26223
3993	18594
5153	29926
546	23510
3900	18518
2467	24774
1586	24210
5075	29881
2688	28390
4192	22365
3767	18437
151	19738
5529	30138
5067	22917
323	19843
1122	27429
2132	28053
4406	22498
1252	23996
1199	16880
150	26791
3181	18065
5021	22893
3247	21764
1188	16871
2150	28060
2445	17649
4961	26321
2972	21599
1877	17317
3317	25292
4962	19265
1345	24055
4919	19241
847	20206
4167	22344
3105	25169
1737	17221
378	23420
3824	18476
3936	25674
3023	28593
4725	26178
493	27007
3996	22238
4571	29552
3142	25188
4625	19029
3708	25543
3331	25300
525	23496
3086	28649
3371	18170
279	16255
129	26777
1718	17208
1817	24363
2514	21307
373	23418
2329	21172
4646	22652
2664	24907
4099	18674
5215	19432
1437	24106
3745	18424
2962	25079
606	23553
938	23792
4560	29545
2503	28270
2658	21393
156	19741
383	19875
4346	18841
2717	17802
2812	28464
3944	25679
405	26950
4048	22270
1897	20914
1532	17088
3907	29157
5250	19458
1587	20685
4955	19259
3399	21853
1392	20554
3443	28857
4777	29686
1404	27599
1258	23999
77	23219
2974	17947
5339	26567
4493	29501
2121	24555
1177	16865
30	23192
10	19657
4910	19230
5360	30034
3598	21979
4927	19246
2558	21333
2967	28549
1084	20352
3857	25638
185	16202
4208	22377
2573	17727
3661	22024
4342	29409
5149	29923
943	23799
1412	24086
2125	21047
1424	20577
3878	29141
3999	18601
328	23382
636	23575
4103	29254
5547	26696
360	19858
1612	20708
3390	18185
2901	25041
582	27070
5740	32241
7746	35613
7835	37587
7708	37508
5632	34054
7040	33205
5605	30198
6350	32704
5823	32299
5778	30313
6357	36437
5726	30279
7912	31972
7436	33512
7285	33400
7915	35730
6701	32943
5589	34008
7162	31385
5818	30342
6162	30600
7876	37619
7391	35347
7914	35726
5630	30212
7755	35628
7940	33883
6790	36788
8077	33980
7510	37356
6939	36911
6744	31029
5579	30176
7957	37683
5760	32254
5795	30327
7795	37565
7519	35461
6425	34591
6947	33126
6368	30748
6400	30773
6994	31233
6184	34430
6984	35035
7565	35493
6148	30578
6410	32742
6141	36260
7639	37459
7942	33885
6224	34448
6743	36744
6510	30848
7126	37071
5929	32385
6900	36875
7672	37484
7840	37590
6259	36369
6971	36941
6311	32676
6089	34355
6135	36257
5981	34289
5801	34165
7214	35221
6445	36506
5887	32349
7192	37120
6189	34433
7194	31404
7622	31747
6303	32670
6857	31116
5662	35940
5953	32403
6549	34697
6566	36604
5653	35938
7636	31759
7983	35791
5608	30201
6800	31081
6185	36301
6558	32843
5651	35937
7366	31525
6325	34517
5825	34180
6756	36751
7560	37398
7875	37617
6814	31085
6054	34328
6424	32757
6257	30673
7055	31299
7346	35309
7852	35681
5884	34229
8033	32061
6498	34646
5710	35966
5561	30164
5842	34194
7908	33858
7781	35641
7860	33818
6677	30979
7260	33372
6571	34710
7653	37468
6359	30740
7994	33916
6564	32848
7351	33451
7738	33725
7615	37434
6427	30789
5713	35971
5988	36153
7866	35692
7098	33252
6906	33101
6468	36520
7141	37079
6853	33059
6284	34491
7039	36994
7110	37056
7422	35369
6138	36259
5840	32311
7047	37004
6976	35029
6280	30694
7655	35552
6533	32826
7536	31669
7698	31799
5720	34110
7373	35334
6063	32495
6123	32542
5934	30438
8006	33934
8069	32085
6283	36392
6430	30792
7428	37287
6793	31079
7268	31449
7385	33474
7399	35351
7954	35763
7390	31550
6837	33050
5918	32374
7766	35629
6027	34316
5643	34061
6124	32543
7446	31593
6746	32974
6515	34663
5891	32352
5644	35928
5567	35881
6092	34359
7465	37321
7642	33654
6343	32698
6816	34900
6415	30780
6017	36174
5610	35908
6455	30811
7022	35062
5569	35882
7910	31967
6639	36655
7739	33726
5612	32146
6351	34534
6792	36789
8039	37733
7038	36993
7801	31893
7127	37072
6581	30899
5670	30239
6119	36246
6391	34558
6687	34794
7493	33548
6649	36664
5745	34127
6024	36178
6965	35018
5628	35915
5915	30423
5590	32132
5813	36031
7557	31694
6753	31038
6399	36476
7932	33873
5611	30203
6787	36780
7586	37415
6766	31050
7462	33531
6541	36585
6405	32737
7815	37580
6859	31117
6402	32735
7512	33569
6665	36681
7421	37281
6462	36516
7158	35176
6157	30594
6739	36740
7976	33906
7787	31878
7145	37082
6080	32503
7352	37237
6408	34574
7045	35087
6852	36836
7820	31903
5886	34232
7050	35092
7533	33582
6126	30565
6640	36656
6266	36376
5807	34166
6573	32863
5943	36120
5978	32424
7420	37280
7549	37390
6130	36253
5908	30418
7735	37523
5626	30207
7331	35296
7796	35655
7349	37235
7179	31392
7294	35271
5983	34290
6401	34566
5602	35903
7255	31440
6545	30875
6862	36844
5784	32275
7603	33635
7975	32016
5862	32329
5674	30240
6471	36522
7747	31835
7271	33382
6651	36669
6120	30559
7687	31796
7212	37132
7205	37127
7773	33754
6812	33034
6847	34917
7070	37027
5877	30401
6373	30753
5890	34234
7248	33364
6469	34631
6868	36850
5808	34167
6670	36688
7580	37409
6521	34671
7069	37025
7922	31982
7032	36990
6742	32969
6780	34860
7165	35187
7680	37491
6387	30762
6104	30544
5876	36073
5604	34022
5783	30319
8054	32073
8035	33951
6240	30665
6482	30831
6910	31167
6794	34872
5609	32145
7877	37620
7001	31243
5553	33984
6740	36741
6049	36192
7962	35771
5701	30262
7917	37648
7452	37303
7594	35511
7689	35577
8029	33948
5641	32167
5936	32389
5676	34075
6108	32526
7081	31321
7386	31546
7544	35478
7692	37501
6579	36611
5998	32443
6966	35021
5928	34258
5826	34181
7836	33812
6286	32656
7831	33807
7213	37133
7874	31940
6784	34869
6738	31025
7108	33257
5950	32401
7534	35469
8042	37735
6372	30754
6452	34621
7872	31938
6601	36631
7761	33743
5814	32290
6110	32527
7873	33828
6652	34773
7947	35759
7361	31520
6699	34801
6921	34977
5586	32130
6375	30755
7284	35268
7841	35678
5952	30449
7832	33808
7929	35743
6531	32825
6213	36328
8027	32055
7345	37233
6917	36890
8059	32080
8075	33979
7897	35711
6512	34661
6209	34441
6782	31063
6370	34546
6242	36356
6344	36430
7326	31498
5627	30208
6228	30653
7620	37437
7640	31763
6078	34346
5737	35992
7371	33461
6598	30919
5697	35957
5654	32179
7706	35590
7756	33736
6840	36828
8024	37722
7997	32033
7412	33500
6722	31008
6116	30556
7088	31329
6736	34828
7234	31427
5669	35942
5948	30447
5932	32387
6102	34370
7111	37058
6520	34672
7584	35506
6079	30524
7338	35301
7811	35666
7905	31963
6627	30944
7731	31823
7329	37227
6719	34818
7885	33838
8065	33976
7797	33777
6858	36840
7786	31877
7604	31728
7392	33485
7729	33717
5580	34001
6115	32533
7269	37175
7278	31463
6769	34853
6211	30641
7674	35560
7856	35683
7281	31464
6165	36287
6114	34376
6716	32952
6936	31183
5832	30361
6236	30662
5822	32296
6928	31176
5870	34220
6047	30502
6262	30678
7031	33196
5859	34212
6385	36465
6411	30778
6724	36726
7588	31716
7340	33441
6703	34806
6886	33089
7563	31697
8794	43791
8953	42281
9253	40949
8290	37990
8324	41598
8601	38383
8370	41652
8673	43653
8149	39643
8523	40031
9086	42443
8834	42170
9292	42658
9283	40971
9555	42918
9480	44564
8585	38368
9210	39068
8226	37921
9492	44578
9092	40766
9504	44596
9446	41145
9258	39123
8293	41563
9131	42495
9382	39271
9008	38839
9584	42949
9238	42622
9375	44451
8134	43068
8679	43668
9057	40720
8230	41495
8108	43036
9051	40715
9558	44651
8216	41482
9520	39426
8358	41638
8381	38098
8524	38273
9268	44337
9297	40984
9507	44599
8163	37856
8576	38352
9179	40867
8774	43765
8103	41373
8657	40217
9196	39057
8544	38302
8678	40249
10469	46450
9669	45843
10206	45179
9820	44867
10198	47388
10197	45163
10907	46780
10665	46594
9740	48190
10292	45253
11057	46911
10765	47847
9652	44748
10001	47232
10838	46735
9872	46017
10304	48595
10970	45745
9675	45850
9739	44808
10278	48582
11074	49169
10317	47493
12069	50215
11329	50530
11241	50444
11814	51999
11254	50464
11714	49873
11594	49731
11160	50359
11471	52681
11321	51540
11193	51409
11414	50621
11592	49729
11781	49941
11229	52475
11379	52593
11342	52565
11183	49274
11993	50149
11304	50506
11913	53103
12014	50161
11230	49325
11892	51067
11938	50094
11497	52712
11363	49466
11678	52869
11881	53077
11215	50419
11776	49936
11178	50379
11505	50720
11800	52993
12043	51200
11952	53156
12003	51167
11411	49533
11559	51770
11220	50424
11561	51774
11789	50967
11236	50440
11227	51439
12054	53238
11398	50603
11669	51878
12033	53226
11335	50537
11626	50833
11653	49801
11941	53145
11536	51742
11965	51130
11121	51322
11772	51965
11747	49909
11417	52639
11115	49201
11887	52063
12147	52329
11509	49627
12020	52205
11664	50864
11156	51362
11265	51477
11690	51902
11984	51150
11418	52642
11612	49752
11502	49622
11925	53125
11702	51910
11224	52468
12051	52242
11673	51883
12912	54847
12393	53516
13255	55176
12613	56495
12391	56327
13195	56052
12466	55473
13070	55950
12997	56807
13092	55971
13266	56114
12304	54366
12371	55390
12644	54619
12244	53399
12584	56468
12896	56721
13216	56072
12359	55378
12183	53342
12232	56197
13738	58611
13325	59409
13446	60661
13957	57621
13690	59714
13609	58499
14276	57889
13915	58775
14598	59319
13643	59670
13992	57649
14477	61535
13973	58806
14071	61193
13685	58554
13297	58239
13802	60960
14176	58979
14488	59230
13675	58546
14140	61249
13903	58759
13955	57618
13678	59703
13878	61023
13415	60644
13980	61110
14181	57799
13916	58778
14440	60362
13496	59546
13435	59496
13700	59725
14301	59073
13334	58262
14269	61352
13798	58671
14379	60308
13484	58390
14377	57990
14661	60531
13745	60911
14548	58124
13773	57473
14040	59991
14398	61456
14429	60350
14601	59323
14270	59051
14346	60275
14485	60405
13851	59843
13296	57096
14299	61381
14077	58886
13465	57222
14594	61637
14569	59293
13574	60764
14675	58225
14275	57887
14582	59306
14497	61554
13848	59840
14367	59139
13332	59414
13453	60667
13671	59697
13861	58710
13817	59817
13990	58820
14492	60412
13888	58747
13797	59805
14255	61341
13390	58306
14386	61451
13717	57429
13907	57583
14128	58942
14108	61226
14532	59263
14563	61605
14593	58164
14304	60226
13517	58418
13541	59585
14597	58165
14681	58228
14002	61128
14420	61473
14351	57961
14161	60093
14195	58992
14094	61220
14438	58027
14248	59036
13437	57197
13908	57584
14143	57777
14245	60170
13339	57131
14008	57659
14502	60415
13439	57200
14240	61325
13938	58792
14486	59228
14201	60119
13375	58294
14178	61268
14419	59179
13626	57353
14662	61679
13349	57144
13666	60841
13631	61009
13419	59476
14375	60300
14220	59016
13659	59688
14442	61500
14137	61248
13442	57205
14463	61527
14394	59154
14550	61593
14559	59283
15478	62994
14921	64002
15164	64209
14768	63893
15537	63035
15088	62019
15444	64419
15057	63386
14835	61808
15584	63064
15206	64246
14753	61748
15129	63448
15357	63634
15351	64362
15417	64405
14849	61821
15519	63744
15589	63069
14864	62511
15306	62868
15597	64549
15209	62111
15167	64214
15141	62061
15186	62094
15159	63466
15361	63636
14990	62607
15280	62166
14895	63980
14750	61746
15324	63603
15599	64552
14687	63107
15524	63750
14939	64011
15409	63682
15261	62156
14993	62608
14970	62588
15218	62123
14972	64033
15447	62975
15124	63441
15471	64439
15488	64454
15549	63043
14787	63179
15079	63402
14889	61853
15018	64069
15514	64471
15234	62819
15183	62092
15508	63734
15484	64452
14950	62568
15541	63762
14884	61845
15300	62864
14863	63221
15121	63440
14800	63911
14995	61937
14756	63151
15340	63620
14962	61913
15265	62157
14741	61736
15603	62389
15270	64294
15500	63009
15396	63667
14740	63137
14954	64016
15076	62692
14805	62477
15013	62630
15247	63544
15366	64374
15403	63680
15083	63405
14698	61713
15284	62844
14897	63247
15027	62646
15142	62748
15399	62256
15108	62042
15891	65159
16047	64921
16021	64901
15662	64971
15884	65501
15879	64792
15716	65360
16041	64916
15943	65192
15916	65888
15931	65902
15630	64947
15842	65122
15959	65201
15911	64826
15826	65107
15837	64755
15705	65349
15658	64600
16060	64929
15753	65044
15798	65078
15671	64611
15934	65533
15768	65402
15804	64726
15923	65177
15670	64978
16071	64938
15985	64879
16004	64890
15813	65097
15784	65412
15775	65761
16053	65278
15622	65291
15627	64578
15898	65511
15956	65551
15850	65826
15997	65232
15652	65666
15714	65014
15736	64666
16012	65958
15789	65416
15986	65576
15984	64877
15995	65230
15754	65740
15772	65060
15665	65678
15875	65145
15809	65432
15900	64812
16050	64922
15663	64972
15887	65504
15696	64634
15902	65515
15930	65529
16006	65954
15791	64706
15906	64819
15942	65541
15725	65023
15876	65490
15862	64773
15948	65917
15760	64686
15624	64573
15860	65133
15803	65791
16055	64925
15890	65505
15835	65118
16035	65978
15712	65718
15873	64785
15812	65095
16051	65277
15635	64580
15969	65561
15998	65947
15903	65167
15976	65566
236	16229
1371	27575
413	16363
3315	21809
2410	28197
4162	18715
3501	21922
3592	25464
3524	21939
4328	18824
4070	25760
4549	18976
652	20079
2925	21561
4967	26326
2746	21445
4517	29517
293	26887
3483	18251
3145	25190
3761	18436
2579	24860
2981	28564
4798	29701
1736	27816
3552	25444
4562	26061
2649	17763
433	16374
4738	19106
1746	17227
5464	26644
4394	25952
387	16341
2644	21381
1592	27723
3951	22216
1230	16897
5251	23015
33	26715
2599	24876
1474	24120
468	19932
5338	30027
1043	20322
3329	21816
569	23521
3385	18183
1269	27514
2214	17515
1220	23971
637	23576
271	16251
1256	20469
4780	22746
2300	21162
4686	19075
4513	29516
3432	28852
179	23294
3100	21673
2758	17827
4138	29274
4467	18911
152	26794
2296	24667
4085	25771
1418	27612
1692	20762
2319	21169
2325	17584
2301	28131
3010	21620
1913	24413
4322	25912
2307	24673
2246	28111
3862	22149
5468	19595
127	26775
216	16221
4045	29220
3189	28704
2985	25103
2263	24648
486	23473
5448	19582
1982	24456
480	19937
3419	21871
104	16144
953	27322
4232	22388
302	26892
2550	28307
4311	18814
2295	24666
1243	23987
4837	29728
2026	17415
2165	17487
1611	17132
3157	18050
3823	18477
3375	18175
398	16349
4055	18641
5180	26457
259	23336
4700	26152
1745	20809
5455	26636
4205	29316
635	20069
3937	22208
4985	22867
4381	29429
851	23725
451	26985
1687	17179
3762	29075
1639	20725
966	27332
2288	24659
2522	28281
2986	28567
4889	29759
796	20179
1778	20829
706	20115
3817	22121
800	20181
5057	29869
3624	21997
2816	21485
227	19787
3774	25589
3706	25541
3468	18239
2676	24913
4416	29449
70	16119
3611	21989
2082	17446
2976	28557
2240	17534
4756	19119
4466	29480
858	27256
4818	29713
4599	22627
1551	24182
753	27182
3608	28970
2196	17498
3420	25350
1558	24185
1218	20439
2386	17616
1728	27809
4993	19291
4494	18931
1487	17047
3153	28686
120	19724
2034	24484
5227	29969
861	16645
482	23469
1653	24256
1036	16779
4552	22595
675	27116
1056	20334
2269	21137
5377	30041
3377	18177
2380	21197
2821	24995
2843	21505
1021	20308
1544	17094
1186	16869
2190	28084
1533	24166
4998	26345
2730	28416
1012	20298
4244	18774
2624	28351
2257	21126
5450	19584
4861	29746
4642	29611
574	16465
1323	16950
1473	27651
4441	29462
2168	21080
2800	21476
2694	17784
5497	26661
2042	24491
4667	22667
3125	28671
1352	27559
1868	24395
4769	19128
1028	16773
1715	17207
3783	29089
4408	27679
2052	24501
2465	17660
662	23594
4393	25951
5240	29975
2941	17924
4098	18672
4536	22577
2819	21486
4673	19068
919	20251
2175	21086
3822	22124
674	20089
182	26811
7535	33584
7012	31254
7288	31472
5844	36047
7087	33243
6219	36335
6945	36920
7397	31555
6993	36956
7322	31494
8048	37738
6838	36827
6932	34988
5593	35895
7646	33657
5942	32397
7930	37661
5940	30441
7216	35225
5712	30270
6347	36431
6269	36379
7122	35155
6607	34739
7198	33326
6206	30637
7523	31659
7829	33806
6003	32447
7663	37476
5925	32381
5852	32323
7825	37585
6176	32570
7075	35114
7236	33356
6590	32874
8008	35814
7531	33580
8011	35819
6207	30639
6507	30846
6871	33074
6270	34472
6285	32655
6392	34560
7139	35164
6019	32459
7996	33917
6767	31052
7913	35724
6053	36197
8015	35825
5931	32386
7084	37038
6046	34323
7225	31421
7654	35550
6585	30902
6065	32497
8031	32060
7511	37357
5830	34184
6635	32900
6491	36535
7769	33747
6667	34785
5909	36096
7018	31261
6685	32937
6255	30671
6480	36525
6486	36531
6983	35033
6363	34544
5758	30296
7880	33836
7415	31572
6077	34345
7633	37448
6888	36868
5903	32361
8962	40609
8628	41933
9303	40993
9611	39533
8302	43251
8865	40477
8707	40282
9483	41181
9417	39313
9367	39248
8605	40134
8694	43679
9619	44714
8229	37925
8434	39940
9168	42541
8566	41871
9155	44220
8752	43734
8366	43294
9202	44277
9581	44675
8257	39751
8775	40366
8637	41944
8232	37929
8365	43293
8314	41587
8137	37816
8618	38405
8610	43577
8259	41530
8513	41804
8928	43945
8473	38221
8215	37908
9323	42688
8737	40318
9165	40856
8758	43747
9217	39078
8742	40332
9079	38912
8741	38562
8827	42160
8819	42142
9451	44530
8452	41750
8198	37888
9129	40815
9582	39492
8375	39874
9117	40803
8285	37984
8489	40000
9452	39360
8700	40271
9153	42518
8317	41593
8899	43911
8519	41808
8590	43556
8729	43710
8812	38631
9344	42709
8132	43065
9032	44066
9472	41169
9290	39152
8888	42212
8141	41403
8158	43092
9319	44391
9471	42844
9360	39241
9437	42810
8439	41740
9441	41137
9526	41232
8874	43892
9054	38879
9548	42913
8644	38447
8763	40355
9624	44717
8131	39629
8938	40577
9598	41313
8128	41393
9084	38928
8482	41771
8751	42066
9386	42754
9115	40799
8335	39831
8766	43756
8282	43226
8927	38739
8136	43071
8117	37798
9200	42584
8554	40074
9479	44562
8816	40411
8201	37889
8767	40359
8101	39600
9587	41299
9398	39293
8851	38670
8202	37892
9455	39362
8735	42047
8361	38069
9074	44112
8620	38409
9501	39404
8785	40380
8761	42075
8487	41775
8435	38178
9259	44331
8447	41746
8346	39846
9560	39461
9024	40694
9062	38889
8595	40122
9284	40972
8528	40038
8100	41372
8255	41524
8383	43318
9167	44232
8092	41365
8241	41504
9523	41229
8586	43553
8151	39647
9213	40919
9430	39335
9247	39108
8704	38515
8087	39576
9610	41328
9028	38855
9495	39395
9399	39295
9563	41267
8161	41428
8238	39718
8223	41488
8910	43920
9233	39094
9534	42896
8511	41801
9509	41216
9069	44101
9067	42425
8757	38577
8844	40453
8923	40556
8639	38438
8864	40476
8138	37818
8491	41779
9599	39516
9353	39229
8771	43763
8894	38702
8665	40232
8445	39953
9018	40691
9400	42767
8973	44003
8680	43671
8933	40570
8976	42304
8178	37869
9469	41167
8125	43054
9334	41025
9392	41081
8173	41443
8745	43729
8904	40521
9249	39112
10940	45720
10640	47747
10873	47920
9997	46099
10416	45346
9796	48226
10238	48558
11072	46920
11008	49119
10580	47704
10886	47930
10033	45031
10632	48854
9930	47176
10666	48878
10270	45242
10307	45262
9683	48139
10444	48697
11075	45814
9713	48168
10758	48941
9899	44919
9656	48124
11096	49185
10983	46845
10353	46363
10625	47731
10995	46853
9846	47101
11093	49184
10176	46224
10316	48609
10782	48950
10247	47449
10148	45110
10955	46818
11031	45784
10945	45726
10586	48813
10027	45025
10973	47999
9894	46036
9638	46945
10610	48830
9874	47125
9998	46100
11080	48092
10544	47680
10599	47711
10583	47707
10064	46152
10841	47901
9880	48290
9956	48328
10899	49040
10793	47873
9711	46990
9643	48115
9668	45842
10236	46273
9701	46981
10626	48848
10716	46640
10080	48426
10687	45566
9849	45998
10623	47729
10692	47785
9709	44790
9954	44956
10265	47468
10380	45315
10155	48477
10073	46154
9875	46021
10154	46209
10771	47851
10438	45369
10922	45704
11103	46943
9863	44894
11017	45778
10906	45691
10115	45086
11020	46877
9806	48236
9682	46963
9802	45966
9749	48196
10264	47467
10648	48863
10032	48389
10191	45151
10219	47413
9883	46029
10974	45746
10897	49038
10842	45654
11087	46928
10837	45652
10208	47402
10638	48860
11025	45783
11024	45782
11295	49395
11775	52976
11591	52786
11995	52183
11643	50845
12098	51250
11793	49951
12625	56504
12190	54254
12641	55597
14642	58200
14233	60156
14350	57959
14513	58093
14159	60091
13996	61124
15457	62982
15082	63403
14792	61777
15561	63774
15084	62015
14696	63111
15257	63553
14952	62572
14833	63202
14963	62583
14910	61876
14785	62467
14978	61918
15277	64298
14722	63856
15063	62681
15339	64351
15232	62138
15494	64456
15246	62826
15761	65751
4978	19283
289	26880
1430	24094
4808	22762
2153	21068
1287	20498
3470	25386
2038	20993
2945	17925
1306	16942
3748	22083
1310	16944
5462	26641
4450	25987
3777	18446
1429	27618
769	27192
5451	26634
3627	28976
2390	17620
5536	23169
3184	25209
5079	26398
4836	26239
2971	25095
1603	24218
44	19680
1236	20455
3140	18044
7865	35691
7554	37392
5734	35990
7881	35703
7036	33200
6296	34498
5794	36022
8792	38617
8301	43247
11586	49722
12029	51191
12065	51219
12797	53799
12981	55867
13124	54091
12771	55691
14277	61357
13772	59785
15907	64820
3097	25161
5310	26542
1761	27827
4201	29314
85	19703
3868	29135
1327	16954
1376	27579
248	23329
215	26837
2265	21133
3309	18129
1123	20375
1346	20524
2182	24602
1827	24368
3551	18296
1812	27854
2490	21287
5397	30056
1288	27529
322	19842
5004	26350
2559	24832
3339	18151
4807	19152
4544	18968
3387	25327
3518	21933
1623	27744
5472	26646
1433	17019
1571	27710
5228	23004
3854	22143
5457	30089
1770	20824
984	27349
2334	17592
975	20279
3306	18127
2689	21410
29	16090
481	27002
3840	18493
1191	20423
3030	25123
5122	22957
4027	25739
6244	34455
7581	35502
5624	34046
6127	34388
6379	32719
6034	30496
7704	37504
8509	41799
8622	38413
9603	44695
8325	43263
8892	43903
9502	41207
10252	46289
9973	44978
9667	48129
10066	48418
10571	47702
10926	49063
10697	48906
9999	48749
10477	45401
10466	45392
10835	48988
10385	48656
10871	47917
9747	44817
10137	46194
10341	46354
10853	45660
9982	48347
9913	47162
10851	46746
9923	48311
10747	45602
11961	51120
11986	53188
11397	50600
11284	52525
11724	49885
11807	51988
11325	52556
12144	50278
11345	49451
11437	50639
11762	49924
11175	49261
11472	51683
11841	53033
12038	52231
11212	52454
11405	52619
11628	49778
11129	52388
11249	51455
11621	51831
11419	52643
11632	51842
11320	51534
11574	49712
11476	49601
11587	49723
11641	49793
11172	52420
11299	52533
12106	53283
11924	50076
11127	50326
11649	52847
11608	49748
11657	52857
11826	49993
12000	52189
11940	51107
12143	53317
11287	50486
11192	51407
11196	51413
11706	50894
11463	52676
11255	51462
11661	50862
11894	51070
11619	49764
11458	51674
11900	53093
11150	51355
11798	49958
11979	51145
11927	51095
11534	49664
11522	49648
11391	50597
11460	50670
12059	50209
11585	50792
11646	51854
11686	52879
12107	52294
12112	53289
11448	52662
11105	52344
11198	51415
11734	50931
11186	52434
11584	52781
11644	52841
11280	49383
11750	51950
11581	50787
11169	52417
11780	50965
11233	51444
11167	50368
11313	50515
11467	49589
11514	51725
11778	50963
11950	52134
12135	52317
11333	51556
11387	49495
11174	49260
11960	52147
11964	51128
11988	53193
11480	51685
11407	49522
11698	52890
11245	49342
11189	51404
11828	49994
11824	49991
11555	50771
12137	52318
11682	51891
11450	52664
11693	51904
11486	49606
11991	53195
11219	52461
11119	52371
11218	49314
12123	51277
11528	49655
12011	53207
11447	49570
11821	51008
11499	49615
11452	51671
12165	55213
12865	54813
13284	55199
12733	53743
12873	53884
13112	54079
13047	55919
12736	56601
13186	56047
12952	53951
12811	55735
12576	54560
12394	55415
12204	55237
12544	53613
12226	55260
12870	55788
13031	55904
12672	56540
12907	55814
12860	54810
12612	54593
13158	56022
13096	56926
12275	53421
12761	53762
12604	55574
13043	55916
12229	56191
12415	55426
12851	53867
12447	53553
12845	53858
12863	54812
12283	54346
13220	56074
13275	56121
12996	55882
13262	55185
13134	56958
13188	55111
12315	55342
12280	53432
12937	56758
13230	55142
12657	55612
12457	54478
13046	55918
12994	56806
12310	53456
12425	53540
12758	56614
12595	55564
12266	56231
12491	55492
12538	53605
12245	56210
13277	55192
12928	53935
12998	54934
12488	56411
12839	53850
12674	54643
12827	55754
12179	54243
12857	53875
12174	55221
12300	55334
12549	53619
12251	56215
13071	56886
12249	55282
12182	56156
12327	55355
12812	54760
12386	56322
13271	56119
12703	55649
12504	53589
12581	54566
12643	55599
12846	55769
13168	54138
13008	54944
12313	54376
12683	53706
12399	55419
12991	56804
12537	54539
12551	56450
12745	55675
13107	55046
12554	54553
12519	56431
12552	53621
13217	56073
13199	56057
12296	56260
13276	57080
12224	55258
12987	54924
13003	54941
13129	55061
12213	55246
13081	55025
12640	54615
12889	53898
12632	53676
12268	56233
12972	56785
13089	55969
12424	56352
12983	55870
12265	53414
12999	56811
12408	56341
12543	53612
12248	55636
12829	53841
12185	56158
12442	55451
12930	56755
12646	56525
12358	56303
12885	55794
12518	54524
12618	54598
12645	53680
12770	56623
12172	54238
12729	56594
13212	57037
12387	56323
13127	55993
13214	54171
12957	53957
12639	54612
13240	55159
12316	53460
13079	55021
13200	54163
13118	55983
12587	55554
12219	53379
13106	54073
12738	53746
12400	54437
12684	55626
13153	54127
12855	54804
12521	54527
13171	55091
12664	53688
12497	54510
12585	56469
12861	54811
12477	56403
12932	53939
12735	56600
12474	54492
12794	55720
12671	55618
12317	53461
12381	55405
12878	56706
13001	53983
12236	55271
12233	55269
13176	54146
12816	53834
12934	54873
12637	53678
12214	53374
13102	54072
12895	53905
12349	54407
12693	55639
12782	55707
14316	60235
13295	58236
13833	59830
13330	58258
13479	60684
13573	60763
13354	60600
14651	61671
14168	60097
14447	59193
14167	60095
14560	60453
14381	60309
14482	58070
14501	59239
14424	58017
13706	60876
14531	58110
14450	58042
13416	59472
14607	60485
13537	58439
13834	60989
14182	57800
13742	58615
14242	57862
14584	59307
13977	61106
13477	60682
14624	60499
14639	58196
13830	57524
14655	61675
13804	60961
14024	58846
13964	61097
13571	59613
14503	59241
14239	57860
13726	60891
14533	58112
14087	61216
14290	57905
14061	60014
14029	57673
13968	59942
13328	59411
14113	60061
14260	57876
13721	60887
13528	58426
13596	58485
13899	58755
14562	59287
13870	61017
14404	60331
13322	57115
14068	61186
14459	59211
13450	60665
14383	61447
13661	59689
13580	57315
14539	61588
13384	57171
13872	57554
14229	60152
13849	57538
15325	63606
14725	63858
15341	62897
14964	62584
15327	62887
15010	61949
15110	64154
14965	62585
14783	63176
15137	63451
15620	64942
16026	65257
15904	64817
2402	28194
5083	26401
4663	22665
95	23229
4319	18820
3660	29005
2629	24890
3935	25673
687	20097
4577	22612
5594	30188
7864	31932
6487	34639
7842	31913