3459	28838
8021	37721
8428	38170
10313	48618
11618	49673
438	23343
3882	21972
4933	26322
6533	36651
5978	30470
5922	34289
5807	36087
7550	31602
7380	31475
6693	34877
8748	40269
8265	39771
9144	42376
9498	41083
8307	41455
10798	46768
10979	49096
10472	47665
10343	47563
10941	49062
11884	52011
11811	52949
13154	56030
12176	56150
12542	56481
13631	58585
14070	57775
14764	63931
15237	62815
15138	62032
15803	64705
15656	64965
15648	64595
15791	65433
15838	64733
5234	19341
1915	20721
215	16233
4691	18980
5471	26654
3048	17939
530	19854
4206	25809
2369	21035
1612	17067
1203	20268
129	26783
2391	28213
1962	20752
5342	22919
2975	21389
2352	21021
1738	20617
2077	28001
4149	29298
2064	24395
74	26756
3888	18469
2051	20807
4137	25766
3835	21931
3583	28915
2114	28025
1063	16731
547	23416
3967	29180
2045	27980
1615	24112
1285	16872
2092	28010
3789	25534
2083	24409
7166	31338
6176	30610
6774	33001
7285	33383
6937	36944
7326	35347
6281	34592
6119	34453
7455	31531
6783	36825
5687	36013
7714	35606
7145	31321
5631	35973
7773	35661
6354	34661
5656	32108
5584	32049
8066	33971
7770	31770
7365	33439
6038	32415
6611	30933
5880	36143
7075	35152
6037	34380
7004	33169
7867	35744
7680	33687
5985	36217
6621	30940
5647	34054
9415	44473
8505	40027
9081	40623
9425	41018
8454	41608
8617	43500
9245	40801
8509	38263
9446	41039
9114	44080
8765	43683
8337	39840
8751	41943
9329	44365
9287	40863
8417	43293
9452	39363
8946	42155
8742	41935
9262	40811
8953	42169
8560	43447
9263	42500
8372	41530
9470	44536
9778	44859
10987	46910
10648	46641
9753	44837
9900	44940
9894	48306
9676	47032
10080	45109
10777	46755
10975	46901
10498	46527
10451	46500
10156	45178
10722	48920
10385	48663
10439	48705
9801	44881
9738	48190
11381	52540
12113	51164
11274	52447
11114	49201
11127	50213
11391	49477
11779	50826
11489	49571
11321	52485
11557	49623
12098	53262
11914	53064
11123	49209
11777	51896
11948	51006
12090	51139
11941	53100
13202	55131
12720	55648
13264	57070
12771	53849
12590	55549
12434	56390
12952	56820
12829	55729
12718	56624
12634	53726
12201	53364
12880	54858
12264	54334
12872	53914
12461	56408
12410	55397
12681	56595
12799	54802
12392	55385
12531	53651
13188	56060
12246	54317
12868	55766
12600	54654
13218	54180
12443	54520
13333	59503
13676	57417
13773	58703
13771	58700
14290	59120
13576	60798
13424	60690
13912	59937
13847	61003
14309	60268
14556	60454
13337	59508
14449	61498
13876	57579
14376	61436
13617	59720
14371	61429
14147	61245
13717	59809
13797	58724
13569	57325
14319	57996
14137	60123
13684	57424
14589	60490
14098	60092
13370	59532
14277	61360
14655	58283
14273	60245
14624	61663
14043	58920
15374	62192
14771	62475
15455	62987
15106	63463
14902	63305
15053	64140
14783	63200
15407	62954
15613	62407
15190	64229
15452	63712
15565	62372
14959	61904
15397	62211
15228	63549
15489	64479
15372	62191
15198	62781
15127	63473
14905	61864
15391	62936
15327	62888
15297	63602
14950	63346
15461	62265
15581	63099
15586	62386
15152	62746
14736	63166
15583	64550
14689	61709
15958	64841
15723	64654
16016	64888
16055	65986
15720	65743
15873	64765
15786	65427
15779	64687
15622	65283
15792	64696
15780	65422
15701	64629
15972	65567
15711	64639
15703	65361
15722	65381
15755	64671
15639	65678
15702	64630
15986	65585
15876	64767
15931	64810
16024	64897
15659	64604
15886	64776
448	23346
4239	25828
326	26891
721	27159
1616	20538
4931	19154
992	23702
1762	27802
2321	28170
3416	18171
4727	19016
395	23320
3185	28692
3539	18259
611	23455
2183	24469
1605	17060
937	27302
4925	29775
481	19826
492	27005
4095	18592
23	19535
1753	27797
4342	18765
459	16366
1701	24175
5386	30041
1523	24047
2928	17853
2976	21391
542	19862
5198	19318
837	16580
1437	20419
915	20094
762	20017
2360	21027
453	16362
4880	22633
4839	22605
1699	27775
4208	29334
3233	21569
2716	21232
4127	25762
2853	28489
1264	27495
1342	16899
1249	16850
3133	21493
4916	22656
5078	29863
5343	26557
1800	17189
2099	17356
3624	18314
2467	24683
513	19845
3680	18358
4918	22659
608	23453
2180	28082
2640	24786
3515	18246
5099	29874
4577	22440
794	27202
4587	18918
3464	28842
3098	25094
4421	25994
3530	18254
1563	24076
1513	24038
2546	17629
2548	24737
2777	28433
643	27109
4702	18989
1114	16767
4156	18629
2309	17495
98	19582
3179	25149
2267	24524
3093	21470
1324	16889
3990	18526
731	23532
1397	16933
4062	25714
704	19963
3300	21613
2884	21338
1997	20776
2351	28187
5053	22741
2800	24888
5457	26640
1410	16944
5320	19371
3010	28595
3968	25668
2440	28243
972	23686
4376	22302
420	26966
3104	28645
1201	16824
2743	28413
2638	17684
1466	27627
2065	20818
1364	27553
4588	26094
4590	29585
4734	22526
3762	21895
1512	17001
2107	17359
4495	29529
3041	21434
5460	26643
4935	29779
987	27342
1154	16793
4330	22276
180	16207
4813	26258
957	23673
4125	29284
3271	18088
3227	25179
4914	29771
1475	24009
5075	26404
4985	26351
2268	28135
3082	17960
2841	28473
5637	32088
7737	35625
7691	33696
6216	34521
6473	36606
7174	35234
7074	35151
7099	31288
7594	33621
7560	37366
7008	33172
7861	35738
7859	37602
6322	32674
5966	34330
7959	31919
5730	30277
7733	37501
6319	36475
6387	36527
7350	35368
7284	33382
6437	30805
5639	30210
6910	35025
7834	31821
6575	36680
6760	31042
7539	35487
6431	34717
6881	33075
6532	36650
6573	32873
6161	36364
6226	30638
6375	30765
7753	35645
8057	32009
6311	34617
7873	37611
6045	30506
6597	32882
6897	31133
7738	35626
6672	30975
6190	34508
5950	34319
5618	35961
5971	32369
5953	30455
8077	37759
5658	34065
7050	35128
6737	34908
5674	32119
6547	36658
7512	33561
7812	31806
7919	37646
6677	30978
7031	31230
6218	34522
7620	37402
7260	31399
6820	36854
7590	31636
7281	31412
5638	30209
6062	30518
5821	34209
7483	33542
6919	35037
5705	34099
7093	31281
6594	30924
7029	35111
5746	34145
7724	31732
6811	31064
6524	30875
6467	32794
5959	32355
6940	35053
6087	30538
6049	30509
7062	33205
6708	34888
7642	37416
7231	37141
6923	35041
6751	31033
5721	34110
6377	36513
5984	30471
6890	33080
7220	33335
7556	33587
7816	37567
7312	33400
7250	33356
5793	32215
7846	37594
7864	35741
6882	35009
7117	37068
6368	30758
7001	36987
7602	33632
6260	34566
5896	34266
5652	32103
6041	36267
5665	30226
8056	32007
5695	30249
6308	36457
7694	35597
7576	33607
6371	36506
5927	32331
6928	36937
7170	31341
7975	37680
6683	36751
6725	34896
6236	32590
7464	37298
6496	34762
5615	34023
7677	37453
8017	31965
7894	37626
6126	30574
6327	36480
7541	31598
7225	35274
7445	31526
6307	32655
5996	30477
6222	30636
5729	30276
6913	31141
6071	32448
7273	37173
8055	35897
7280	35316
5646	34055
7098	33230
7886	37621
7500	33553
5763	30301
7189	37117
6789	33015
5661	30224
5884	32289
6494	32815
7103	33236
5650	35984
7289	33387
5852	34226
7480	37313
6642	36721
5558	33984
5574	32041
6833	31086
5750	30292
5698	30251
5573	32039
8036	35879
7434	37283
7032	37006
7601	31643
7968	35829
7683	35592
7215	33328
7346	33427
6095	32478
6631	34838
6734	31021
7139	37085
6413	32748
6688	36755
6499	30855
6815	33029
7809	33774
5673	34072
6886	33076
6275	36436
7067	37028
6564	34803
7791	37552
6184	34504
7718	31728
7266	35296
7423	35413
8070	35912
7352	33435
6280	34591
6989	31196
5595	35939
6614	32892
6842	34986
6250	34556
7874	37613
6662	36734
7614	37400
6449	34728
7693	37467
6865	33061
7347	35365
6364	32706
7232	37143
5825	30341
5680	30236
7203	35252
5946	32347
6481	36611
6527	32839
6429	30799
6117	32505
5578	32043
5553	33982
7051	33197
7199	35248
6392	34694
7613	35540
7457	33521
8054	37749
6506	34769
7080	33216
7889	33818
6137	32524
6295	36448
7314	37203
6172	36373
7459	33524
6539	34791
6017	34364
6953	35061
7884	33814
6622	30941
6194	36388
7910	35781
6454	36587
6139	30585
6359	30753
7647	37425
5641	32091
6407	36542
7140	35214
7987	33910
5785	30317
7564	31618
7409	31493
5919	32321
6040	30504
6777	31051
7980	31934
7608	31654
6784	33011
7162	31336
6932	33121
6153	30594
6639	34844
6978	35079
6514	30863
6871	36890
7226	33339
6056	30514
6330	36481
7132	31311
6555	34796
5983	34339
5808	30328
6178	34498
7794	35683
6267	34575
5742	32234
6736	32969
7907	33833
7575	35515
7626	35547
5611	35955
5801	36079
5823	34211
7462	31535
7408	35403
6843	34987
5988	34347
6274	34586
6060	36281
5659	32110
7522	31573
5753	30293
7929	37652
6076	32454
5878	30389
7671	37448
7021	31223
7896	31869
6208	30631
8121	42956
8799	40320
9512	39419
9389	42652
8084	37772
8964	40517
8637	43527
8228	43064
9459	42728
8726	41917
8950	43912
8679	38452
9080	42305
8272	43126
8478	43364
8160	42996
9294	44323
9231	39116
9580	41164
9042	38873
8282	43135
9556	39468
8833	43765
8670	43563
8735	43648
8774	40286
8730	43637
9319	40887
8112	37799
8435	39943
8175	39672
8896	38716
8646	40150
8192	39687
8999	38829
8529	43413
9260	44278
8491	41658
10347	47565
10030	46167
10622	47781
10429	47628
10808	46777
10609	46606
10737	47874
10073	45098
10274	48590
9943	48340
10976	46902
11700	51803
11889	50934
11697	51799
11687	52825
11346	51479
11979	50033
11192	51319
11816	49869
12106	51160
11601	52739
11485	51619
11259	49344
11506	51635
11913	52041
11571	51699
11207	50299
11184	52374
11172	52354
11741	49794
11756	50806
12145	53317
11951	51008
11828	51956
11377	49462
11504	50582
11121	51236
11521	52669
11921	53078
11728	51841
11199	49295
11848	51980
11568	52706
11919	49978
12068	50114
11588	52727
11208	49302
11355	51485
11882	49943
11989	52126
11645	49698
12153	53325
11925	52050
11703	49752
11375	49460
11508	52658
11883	52010
11847	50897
11244	50323
11263	51383
11840	51969
12065	51119
11144	52331
11999	52139
11664	51772
12254	53406
12474	56415
12680	54720
12573	55533
12457	54534
12695	53793
12779	53852
12386	55384
12918	54882
13160	56987
12953	55834
12821	55724
13011	54957
12970	55841
12170	54264
13944	59964
14017	57728
13778	60956
14172	57876
13980	57680
14418	60343
14246	61343
14529	59324
13568	60795
13591	58553
14264	61352
13641	58594
13960	61096
14272	59103
13740	60926
13593	59702
13895	58791
13649	57393
13927	57626
13680	58625
14036	58915
13971	58852
13938	58822
13654	60862
14494	61547
14095	61210
13539	57301
14438	60362
14038	61163
14629	58262
14153	61248
13857	59888
13812	57521
14486	58123
13468	60721
13790	57506
13411	58414
14436	59248
14073	60073
13298	60578
14116	58971
13973	61106
13408	58409
14337	59160
14405	60326
14259	60229
13552	60785
13547	60781
13748	58674
14383	59208
14650	61679
13724	58654
14610	59401
14058	61173
13413	58417
13432	60695
13972	57672
13729	58659
14349	60285
14499	59289
13344	60630
14386	59213
14233	59073
14158	61250
13756	60937
14122	60109
13388	59546
14155	57865
14411	59227
15056	61968
15180	62066
15149	62040
14698	62420
15105	63462
15261	62829
15503	62300
15381	62933
14997	61923
15286	63592
15181	62067
15611	63851
15334	62165
15074	62698
15259	62828
14979	63369
14785	61784
15233	62809
15480	63738
14815	61815
15362	63655
14754	63923
14734	63163
15124	62022
15326	64337
15520	64507
14851	63264
15595	62395
14873	61843
15111	62015
15258	64270
15610	63849
15539	62339
15217	62088
15290	64302
14946	62595
14903	63306
14712	62430
15137	64194
15527	64511
15484	63740
14860	64002
15538	62338
15469	62270
14788	61786
15410	62955
15116	62019
15004	63383
14831	62519
14914	61877
15601	62406
15067	61980
14853	63266
15161	62752
15773	64681
15665	65698
15649	64599
16013	65950
15908	64797
15640	64590
15869	65493
16006	65235
15689	65722
16064	65993
15905	64794
15906	65527
15949	65199
15760	65413
15653	64601
15829	65812
15690	64990
15878	64768
15865	65131
15704	64632
15966	65910
15872	64764
15965	65210
15761	65049
15643	65683
15661	64968
16020	64890
15754	65767
15736	65751
15880	64769
15857	65125
15642	65682
15727	65020
16043	65975
15796	65792
15764	65053
15860	64752
15915	65531
16021	65246
16014	65951
15819	65455
15712	65737
16061	65270
16002	65941
15651	64962
15654	65309
15802	65087
16044	64916
15688	65342
15756	65972
15982	64860
16011	65238
15928	65173
15739	65031
2419	24643
4791	29708
294	19709
4585	18916
4335	18758
5378	26577
2241	20942
5325	30008
4161	29302
4699	18983
802	20040
2998	25018
4469	22370
2790	17767
4300	25878
3026	17921
2378	21040
5458	26641
4648	18960
3946	29157
1306	23893
2925	24971
4803	19070
4362	29454
2148	28064
3438	21686
4487	18864
3994	25679
455	23353
4930	22666
2476	24690
5287	26529
1918	17253
3340	18126
2372	24606
2337	28177
1987	20767
2652	28360
3420	25282
1463	23998
5397	26592
3386	21654
33	16104
5136	26437
2050	24387
2611	17672
2956	24985
4826	22592
2847	24913
381	26934
1044	23730
1442	16959
3767	18406
5532	26692
4169	22162
5443	26625
1219	23837
2642	28353
338	16303
2834	21301
3959	25661
5322	30007
799	23577
4835	29729
1369	23930
4274	22230
4319	18743
2933	24975
760	20016
5519	30129
1908	27900
181	23156
5043	29850
3537	25364
1771	17172
1418	23965
2417	17543
3930	29142
119	23121
5520	23022
4175	29315
555	23422
2770	28428
2571	28317
618	23461
3294	25215
1313	20338
4717	29666
1446	20424
782	16549
101	26767
487	27003
4888	26295
656	27118
3886	25596
2627	21180
3186	21536
712	23515
3581	18291
857	27247
2613	17673
962	27322
3694	18366
4199	22184
2211	20924
727	23526
422	16347
281	26864
4584	22442
2201	20913
734	27167
2632	28345
4798	26245
2170	28077
3538	28883
4670	26165
2058	20812
1344	16900
498	27009
5330	19379
3486	28851
2074	27997
3130	25116
3672	28968
3497	28858
2965	17883
1831	17207
2683	24812
3817	18426
3853	29094
3988	22043
5152	22803
162	26799
4349	29441
1960	20750
1970	27932
791	20037
3605	18305
4554	22424
5147	22801
4917	22658
7317	37205
7849	31835
6398	36535
5749	30291
6461	36594
6703	36762
6990	35088
7887	33815
6249	32600
5605	34016
6302	34607
6619	36703
5991	34348
6451	34730
6598	34821
7619	33642
5629	32080
7603	33633
6112	32495
6986	33157
7710	37487
5702	32142
5571	32038
7449	35433
6791	33018
7986	37686
8071	32016
7607	31653
7704	37478
6211	30632
6630	32907
5963	34326
8032	35875
6179	30613
6069	34410
7442	35426
6258	34563
7759	33741
7814	31807
6399	34698
5677	32121
6942	33130
7336	35353
7670	37446
8048	37743
7386	35385
6227	34527
7133	35204
5909	32313
7201	33317
6082	34425
6405	32739
7440	35425
8793	38594
8365	41524
9620	39542
8587	43478
9005	42224
8859	43802
9157	40710
8407	39917
8277	41417
9142	40696
8918	43869
9180	40735
8180	43020
9098	42325
8513	43395
8336	38056
8243	41382
8539	38295
8661	40165
8300	41443
8820	43747
8705	43606
8346	39850
8712	38503
9543	42818
9108	40662
8098	41251
8226	39716
8865	40409
8181	43021
8662	38427
9471	39379
9406	40978
8871	38690
8270	39775
8822	43750
8831	40359
9461	41053
8176	39675
9347	44392
8456	38217
9252	44272
9637	39556
8966	43926
8241	37943
9208	39086
8665	41830
9302	42547
9522	39425
9560	41151
8396	39907
9118	42350
9435	44503
9028	44000
9155	42387
9015	38849
8534	38287
8832	38650
8927	38750
9332	39207
8208	37913
8768	40280
8599	41760
9334	39210
8231	43071
8672	38441
9346	40917
9128	40682
8449	41603
8623	43503
9175	44172
8790	43700
8340	38058
8725	43633
8203	39692
8439	43317
9077	38902
9382	40949
8464	38232
8360	43221
8224	39715
8723	38517
8476	39999
8937	42146
8422	38163
9574	42839
8855	42044
9091	38919
8086	37773
8085	41235
8697	38466
9536	39442
8214	39705
9430	44493
9314	44336
9056	40605
8163	39666
9451	41042
9486	44549
8097	41249
8322	43177
9553	42826
9358	42605
9555	41143
9633	44730
8714	38504
9433	42693
8138	37829
8543	41700
8399	43267
8127	41272
9188	40746
9227	40788
8129	39622
8959	40508
9344	39222
8555	41720
8268	41410
8400	43271
10467	46509
9773	44852
10549	47727
10907	45724
10000	47292
10425	45388
10442	46490
10111	47368
10493	46522
10818	45662
10280	47515
10790	46765
10229	46333
10271	45271
10390	47595
9827	47151
9794	44877
10552	46566
10662	47824
10029	45061
9865	48292
9883	48299
9949	44985
10318	45305
9813	46018
10713	48913
10860	49008
9701	44795
10049	47326
9697	45911
10852	46799
10426	48687
11010	46929
10339	48637
10994	46915
10335	47558
10360	46430
10117	46232
9685	48157
9846	47164
11067	48092
11023	49122
10319	46401
10433	45397
10812	48973
10452	46502
10977	49094
10308	48610
10679	48886
10940	45750
9692	47052
10639	47806
10747	47881
10110	46224
10751	46735
9907	44945
10558	48787
10411	47615
11961	50016
12132	51186
11490	51621
12790	53858
13013	54960
13124	56955
14626	58261
13687	59778
14496	61549
14602	59388
14962	62612
15421	62964
14865	64006
15205	62787
14836	62524
14934	62588
15305	64314
15336	64347
15304	63608
15517	63051
15492	64484
14805	63952
14786	63942
15728	64658
3685	28978
4437	26001
3448	28830
1653	17094
4838	26269
7	16081
3105	17972
2926	28536
3237	21573
5151	29903
3196	25157
4730	26201
4027	18551
1123	23782
394	26949
2689	21217
4573	26087
4411	25987
1110	23776
2579	17646
54	23084
1056	16728
3028	28612
1152	16792
3445	21690
7786	37546
6823	36856
7024	31227
7768	37535
6213	36398
8318	38031
12063	50107
13247	57053
12784	54793
12606	53699
14291	57978
2245	17452
4948	22677
5015	29828
1667	17106
1604	20528
1976	20756
2728	17733
836	16579
1522	24046
1411	16945
268	23213
271	26851
3075	21459
5202	29938
1889	20708
3949	29160
4616	26111
4766	22549
4143	29292
4081	22104
925	27293
4241	25829
194	19645
3480	21728
1777	20636
5422	30064
913	16628
2938	28550
3600	18302
2195	20908
635	23471
1100	20215
1082	20197
6054	36278
7153	33279
5619	34029
6129	34462
8374	39889
9375	40941
9687	47045
10598	47761
10349	47566
9797	48240
9644	47005
10620	45528
10153	47398
10337	46418
10540	45476
9906	44944
9814	44890
10568	47738
12152	51205
12042	51093
11658	52801
12135	53302
11649	50717
11699	50754
11372	51497
12024	50076
11661	50727
11592	52732
11931	52056
11472	49553
11261	49349
11214	50304
11191	50284
11447	49530
11563	51688
11295	50370
11219	52402
11379	49464
11554	50628
11695	52833
11360	49448
11258	52435
11327	52499
12112	50161
11522	49596
11248	49336
11802	49854
11311	50384
11156	52338
11833	52977
11547	50624
12055	52184
11119	49206
12089	52219
11732	52875
11959	52098
11809	52947
11496	50570
11512	50591
11211	52398
11270	51395
11579	50657
11482	50559
11516	51643
11470	51600
11660	51767
11755	50802
12040	52173
11300	51429
11316	49397
11305	51431
11668	49712
11575	52715
11804	49858
11710	49763
11677	49728
11464	52613
11678	52819
11514	51642
11340	51470
11266	49356
11365	52523
11708	52847
11887	49947
11929	52053
11236	51357
11294	51419
11176	49265
12828	55728
12169	54263
12761	54776
12628	56554
12640	56564
13099	55964
13055	54998
13093	54081
12503	54572
12359	54441
12847	56733
12160	56139
12644	56567
12906	55799
12191	53353
12923	56794
12916	54881
13149	56026
12358	56326
12938	54899
12975	56837
13213	57031
13087	56917
12875	54854
13165	54146
12401	56356
13276	57076
13106	55969
12781	55694
12475	55445
13167	56995
12269	53420
12955	56822
12387	54465
12789	54795
12563	55527
12214	55252
12432	56387
13192	56064
13230	55151
12374	54456
12587	53686
12835	54829
12530	54597
12711	55638
12574	54635
12621	54676
13180	56053
12797	56690
13191	55120
12983	53994
13268	56130
12277	56232
13214	55136
12537	54604
12823	55725
12200	53363
12846	53898
12902	56774
13177	57002
12454	55429
12494	55468
12394	55390
12497	53636
12258	54330
12360	53517
12429	53572
12746	53826
12903	56779
12546	56488
12869	55769
13181	56055
12255	55270
13147	54133
12905	53945
12675	53765
13168	54149
12211	55251
12427	53567
12661	54706
12593	56525
13248	55166
12934	54894
13235	55153
12864	55758
12346	56309
13195	54165
12541	54612
12189	55632
12653	54699
12305	55323
12991	54002
12238	54306
13142	54126
13233	56102
12577	53682
12283	55296
12755	55677
12339	55343
12751	55672
12747	54758
12696	53794
12228	56187
12783	53854
12458	56405
13211	57030
12404	53540
12295	55314
12576	55536
13135	54123
12748	53827
13256	55175
13010	55882
12162	53334
13018	56872
12886	55788
13151	56982
12946	54908
14516	60423
14557	60458
14384	58046
13931	57631
13793	59846
13296	57092
13952	58833
13858	61012
13444	59592
14106	57811
13461	60713
13835	59880
14536	61581
14627	59419
13708	57443
14533	61578
13785	58713
13415	57184
13312	58328
13634	58589
13515	60757
14407	58057
14569	61610
13326	57113
14193	61289
14254	57956
13868	61025
14577	60478
14040	61166
14055	57761
14583	59372
14658	61688
14664	59445
14023	60027
14156	57866
13622	59725
14218	59061
13915	59941
13324	59493
14435	59247
14227	61328
14154	57864
14720	61729
14791	62484
14897	63301
14769	61769
15474	63008
15114	63465
14779	62479
15957	64840
2501	24706
463	19814
2125	20860
4646	22475
7780	31777
7735	37502
6652	36726
6015	32396