337	18234
2203	27117
2525	27566
3342	38014
3771	39069
223	12739
1019	6774
545	11368
1059	15718
2056	26047
1646	19866
2108	25172
1612	23685
1530	25483
1872	25839
1844	20998
1730	20871
2169	24273
2597	32787
2845	28870
2816	29665
2388	29167
2438	28338
2471	31772
2788	30479
2267	31465
2422	30851
3189	36164
2916	34142
3292	38492
2936	37549
3079	37707
2982	37061
3366	36959
3266	38458
3572	41407
3501	42345
3539	39300
3429	41225
4155	44492
4053	42988
4151	45426
3808	45546
4115	45877
4849	49938
4823	48226
4557	47981
4316	47171
4523	49096
4948	53327
5140	51323
4939	52211
5165	52073
5229	51428
4888	52890
5433	54101
5290	54361
5319	55274
5279	53991
5416	54829
5308	54558
5466	54129
5367	55311
1170	8737
50	5537
926	15572
864	18943
907	10117
415	5996
228	14572
110	5629
751	17079
738	18760
931	8376
1283	16050
138	7335
271	9250
717	15205
1129	10431
488	11285
369	9420
771	6463
570	9664
603	13260
65	16179
1138	17609
925	10148
1220	12315
100	10785
1120	10417
825	10013
763	13491
981	17397
453	6052
686	18694
974	13791
436	6029
40	16152
549	7865
968	10203
680	15162
521	11327
394	18311
4	16097
498	14934
1008	17421
622	9725
508	6127
972	11930
279	12812
587	18576
845	6580
966	17376
1102	13953
773	13508
615	6268
359	12935
992	17406
497	14930
986	13805
769	15290
1584	20734
1669	26575
1789	20006
2220	22397
1668	22779
1435	26340
1694	24743
1863	23988
1749	23849
2109	24218
1778	20927
1955	26861
2231	26221
2023	25089
1440	25409
1972	25002
1351	26264
1917	25882
1569	20717
2097	23222
1389	25369
2006	25057
1571	26491
1928	24057
1413	21504
1402	20532
1353	21445
2236	23367
2004	21166
1724	22835
1484	24500
1707	25684
2040	24169
1682	21811
1675	25648
2115	20329
1574	25539
1524	24548
1680	23776
1476	22565
2063	25140
1948	23083
1652	25613
1318	23372
1341	20471
2120	20336
1400	23450
2865	29708
2721	33869
2639	33770
2595	29423
2420	30019
2657	27725
2690	29517
2728	30414
2544	31004
2297	29051
2689	32896
2560	30197
2600	27659
2749	30435
2453	33476
2869	32259
2833	33079
2441	29236
2511	31825
2817	31339
2631	33761
2569	27635
2594	30259
2514	32689
2754	28759
2255	31449
2522	33599
2316	31551
2656	29481
2813	31331
2903	30619
2574	30207
2685	32893
2504	33574
2324	31565
2381	30797
2646	32843
2575	31896
2477	30926
2768	33932
2998	34255
3316	34669
3299	36306
3111	36037
2980	34233
3077	34336
3075	37702
2932	36428
3052	34308
3181	34505
3178	36151
3288	36297
3003	35923
2973	35896
3326	36339
3240	38428
3231	34574
2965	37037
3304	36895
3144	38316
2955	35315
2921	38059
3104	36631
3180	37302
3355	36953
2964	38101
2997	36504
3016	34277
2957	34196
3252	37403
2971	37586
3596	41936
3762	40560
3475	38719
3505	41843
3380	38597
3391	39609
3604	38873
3477	40222
3668	38967
3541	41881
3664	41529
3703	40495
3727	39019
3600	39853
3745	42658
3598	42460
3623	41473
3390	38605
3546	39309
3474	41292
3628	40402
3737	40535
3536	42389
3534	41366
3712	42084
3556	39802
3621	42496
4199	44527
3799	45044
4251	46466
4169	44503
3838	43245
4149	44945
3815	44621
4040	45786
3978	46216
4219	43589
4086	45355
3982	46220
3843	45087
3892	45125
3796	46020
3812	46039
4197	43122
3938	43783
3834	42760
3929	44254
3890	43730
3922	43310
3901	45623
4058	45804
3872	43707
4023	44793
4244	45991
3869	44198
4007	44781
4102	43047
4183	45456
3950	45684
3888	44680
3876	43713
3919	45162
4162	44050
4212	43576
4044	43916
4310	48899
4615	46813
4710	50375
4684	48099
4683	48096
4505	48516
4676	48678
4511	50194
4393	50086
4787	49333
4731	50399
4432	47868
4524	49664
4871	47688
4748	49850
4314	48904
4559	47413
4837	49932
4510	49083
4454	47327
4652	50894
4673	46885
4759	46975
4578	50832
4580	47997
4545	49116
4575	50825
4667	48663
4388	50641
4642	49205
4699	48120
4794	48202
4503	46721
4531	47392
4687	50941
4374	49519
4622	46820
4479	50743
4324	48347
4780	49886
4342	49488
4371	47802
4827	47047
4346	48928
4718	46930
4492	50756
4448	47320
4741	46960
4337	48354
4465	46685
4666	50913
4375	48960
4861	47679
4474	47350
4490	49641
4830	51059
4294	48316
4275	48856
5051	51588
5041	52315
4959	51871
5103	53836
5116	52383
5187	51390
5202	52859
5065	52701
5169	53536
4969	52596
5077	52350
5141	52412
5200	51406
5008	53367
5088	53453
5246	51803
4910	53625
5054	53779
5113	53108
5193	51768
5039	52677
5084	53812
5102	51300
5063	51607
5210	52862
4933	52945
5145	53875
5050	51587
4917	52177
5199	52487
5224	52869
5069	51260
5057	52332
5011	52284
5119	53849
4973	53687
4990	52998
5098	52742
5122	51661
5031	53389
5212	52495
5138	52777
5143	53498
4988	51891
5218	51782
5242	52142
4926	52562
5154	52427
5215	53946
4893	51105
4887	52524
5353	54237
5351	54050
5415	54284
5262	54688
5443	54111
5372	54434
5452	55382
5346	55139
5248	55220
5277	54161
5413	54823
5402	54083
5320	54392
5253	54679
5420	54092
5404	54818
5327	54025
5366	54963
5335	54035
5440	54314
5329	54757
5295	54712
5451	54854
5350	54777
5284	54702
5375	54067
5267	55074
5312	55263
5328	54026
5379	54981
5278	54163
5326	54206
5291	53999
5271	54158
5424	54295
5421	54293
5292	54000
5363	55308
5289	54172
229	12742
732	15224
170	16287
350	16555
479	14890
775	9934
1057	8550
783	8168
1127	19282
482	13098
834	17198
463	16716
1110	17566
991	8456
377	11158
314	7567
951	8412
424	6003
207	12716
212	18088
373	7655
716	9844
302	12851
1036	13865
766	6456
447	16698
990	6747
440	13054
1052	19171
250	9222
253	16401
659	7988
546	9633
15	8931
829	17193
778	8161
291	11032
243	5762
807	13571
1237	19437
272	9251
737	13443
71	7249
915	13715
731	9862
917	8364
99	10787
1085	17534
1178	15897
421	6001
938	15581
276	9258
1156	8714
396	5976
882	8300
691	9815
152	7352
433	9490
39	7210
366	9413
1123	10423
235	5758
428	14819
1027	12029
1017	12001
438	9494
108	5628
805	17171
719	18730
803	6523
241	10965
1287	10628
675	15158
163	18038
36	17885
117	16235
764	18804
996	13811
601	16891
639	6295
262	5794
594	6246
189	10889
663	9778
97	7287
1045	12052
1116	19259
1221	15953
466	9519
849	6585
999	6752
434	18355
413	7710
1169	14079
261	9241
1089	13931
854	13629
448	7754
1010	15660
1048	12055
493	13117
300	12849
544	16820
1035	17478
1039	12038
1253	14182
362	7642
1121	19270
353	7624
886	11836
380	16598
278	9264
1313	17835
220	12730
1136	8681
890	8314
339	18238
168	14490
817	15390
368	7650
754	13472
730	13434
1203	7025
1204	14133
29	17872
1311	17829
858	17224
316	16505
682	9801
1104	19245
936	8385
1071	19193
456	11240
266	9248
516	16781
538	6163
690	8025
971	8428
1241	15979
558	6197
416	5997
1100	6891
161	7357
51	8978
209	14545
656	7985
978	10220
1076	13920
866	15463
167	10866
632	6285
597	7922
984	11953
354	12928
668	6329
309	14671
80	14377
635	15110
1175	15894
336	9359
62	14355
267	11009
49	10734
942	10172
1119	17583
293	18174
1108	12137
1005	15652
6	14284
1275	16036
619	11456
673	6340
774	8150
1208	8767
112	17991
904	6642
104	5617
76	9007
116	12582
588	15064
471	14880
1157	17639
469	13082
795	11698
158	16275
217	16362
171	18041
496	16764
876	11828
569	6220
1297	17809
1251	7080
478	9541
705	17023
975	10214
647	16949
891	15490
892	18981
227	5754
958	11922
53	12509
489	11291
202	5724
878	17245
729	6397
1050	12057
1006	6755
838	13612
844	18925
134	10830
1277	16039
1239	8802
1058	19175
476	16738
552	6189
772	11672
836	18916
91	5603
1007	15654
462	13069
670	18680
255	7484
983	17398
237	14575
1044	19167
714	13405
1115	15800
1078	15747
1080	17531
527	7837
160	7356
26	17869
1073	8584
74	10766
1176	17659
221	9193
1394	21484
1982	25021
1956	23092
1411	19615
1816	23917
1377	23424
2018	26002
1588	24630
1520	24547
2007	25059
1543	20684
1881	23017
1854	26762
1621	21734
1480	22568
1344	25327
1914	23048
2037	25112
2059	25134
1551	25509
1492	20628
2057	26998
2189	26172
1910	22070
1640	23726
2149	21315
1477	19673
1980	26897
1907	25871
1953	25923
1714	24764
2141	21305
1667	22778
1391	25371
1988	20201
1396	19606
2101	20318
1407	24421
2043	21217
1877	23013
2090	26076
2210	20438
1840	24883
1986	24113
1380	22471
2055	26046
2088	22269
1776	25760
1820	20034
1945	20161
1990	25041
2234	21405
1896	24013
1655	23739
1935	21095
2071	27007
2143	20361
2002	23148
1689	19902
1373	24397
2105	22278
1398	20529
1970	25000
1548	21647
1502	23553
2167	25229
1983	25022
1745	23846
1454	22542
1352	20483
2154	20371
1800	23904
1368	25346
1631	23715
1624	20782
1500	21594
1379	25357
2075	25153
1644	21765
1632	19851
1401	21493
2244	27155
1415	23461
1677	22787
1507	24524
2197	24304
1618	23698
1424	21515
2067	26054
1545	19742
1822	22957
2027	21202
1583	23656
2091	26077
2123	27042
2156	20374
1490	20626
1375	19591
1595	24634
1817	23918
1901	26798
1651	20795
1371	22459
1333	26250
1879	21032
1433	26336
1828	25807
2011	25067
1664	20808
1395	19605
1704	19914
1539	23605
1802	22938
2187	21345
1423	24433
1455	23495
1537	20677
1619	25586
2103	20320
1489	24507
1495	23541
1976	21128
1960	24091
1325	20460
2047	20271
2013	22190
1332	24370
1634	21751
1438	24449
2198	22369
1728	19934
1693	19905
1513	22601
2179	24284
1921	26812
1627	26537
1691	20833
2242	23370
1425	24437
2204	20429
1692	22801
1466	23506
1949	25909
2025	21195
1648	19867
1834	20981
1385	22476
1620	22731
1852	22983
2029	26963
1687	22796
1566	21672
1430	24441
1637	22752
2165	26153
1519	21611
2048	26990
2061	25137
2183	25243
2093	20311
1381	24405
2104	27029
1553	26464
1327	26245
1940	20154
1613	24649
1617	22726
1594	23670
1471	26383
2111	20326
1886	23028
1846	23962
1587	23662
1410	21499
1685	25663
1918	24953
1708	25686
1420	19622
2230	21403
1446	19645
1889	20108
1893	25853
1958	24993
1869	23003
1943	25902
1335	22431
1615	21727
1428	26333
1891	24008
1586	20737
2166	27076
2160	26147
2191	24292
1824	21986
1759	20909
1785	26694
2033	24158
1376	23419
1944	26849
1547	19751
2200	21361
1641	19859
2087	27022
1550	19755
1753	19970
1554	25511
2163	22335
1915	25876
1841	20994
1795	23895
1622	24670
1774	20922
2144	23279
1892	22051
1659	19873
1819	20032
1649	21769
1475	19672
1414	20537
1713	21844
1831	20973
1661	26569
2229	25293
1635	26549
1663	24712
1319	21419
1721	26632
1399	23451
1540	22626
2079	27017
1883	22039
1813	22949
1506	19697
2094	20312
2127	25201
1441	25410
1596	26513
2235	22411
1387	22478
1417	19620
2211	21381
1579	21685
1842	26749
2032	22211
1544	22632
1403	25380
1670	22783
1556	23622
1799	26709
2137	26117
2095	20314
1570	19780
1356	24381
1326	23380
1342	21437
1350	20482
1601	24642
1498	19688
2030	26968
1447	19647
1557	23626
1340	21435
2212	25275
1736	23836
1765	26679
2190	25246
1491	26402
1885	21039
2158	25225
1951	24988
1616	22724
1710	22823
1734	21874
1404	26321
2132	24234
2195	20417
1564	26481
2186	21342
1974	22144
2164	26151
1865	22024
2034	20251
1329	22425
2026	23170
1536	21624
1630	24674
1422	23468
1383	22472
1859	25832
1826	21987
1592	22695
1515	26424
2080	24199
2017	26948
1409	22496
1798	23900
1973	21124
1654	24692
1757	24809
2239	25308
1470	20599
1715	22831
1862	23987
1733	24783
1467	20592
1360	24386
1746	24797
1362	25335
2117	22288
1357	24382
1838	23952
1722	26631
2073	27009
1384	25361
2147	26130
1899	26796
1997	24124
1957	26863
1370	22457
1711	24761
1937	22102
1629	26539
1542	19737
1932	20150
1590	25551
1429	19632
2092	25166
1611	24648
2146	20364
1866	21022
1975	23111
1628	21743
2022	26007
2052	22235
1985	20195
1747	21901
1432	22518
1348	21439
1679	25655
1323	23378
1508	22593
1605	24644
1959	24090
1898	24936
1781	22917
2228	27145
1919	24955
1873	23007
2038	24165
1526	22612
1625	26534
2083	23214
1760	21920
1864	22996
1853	26760
1882	25844
1688	26599
1787	25769
1783	22920
1636	26551
2062	24187
1674	23760
1950	23087
1444	24457
1361	20489
1987	20198
2077	23210
1363	23409
1481	22569
1607	20759
2121	20337
1803	25784
2112	25177
1878	26773
2001	25983
1762	19981
1739	26653
1931	20149
1924	26821
1397	21487
1966	25938
1660	22769
1479	21563
1565	24610
2174	23306
1517	19713
1861	21014
1929	26834
1751	20889
1608	21717
1683	19900
2222	20447
1755	22872
2171	21330
1895	21050
2232	22407
1580	20732
1431	22517
1769	19990
2136	24240
1459	24475
2041	20259
1374	26286
1623	22735
1699	19910
1916	25877
1558	20707
2074	24192
2042	24171
1650	23735
1367	22452
2036	23183
1532	19724
1793	23894
1946	24984
2019	25079
1681	24732
1850	23971
1538	21630
2196	22365
2107	23229
1867	24911
1908	24943
2064	20283
1372	25351
1527	25475
1541	23607
1784	20931
1851	21005
1748	24799
2012	20221
1358	24383
1656	23743
1858	23982
1572	23645
1695	19906
1702	25677
1324	19549
1416	21506
1598	24641
1827	20969
1499	19689
2125	27048
2076	24197
1718	21850
1573	19785
1941	26844
1485	20619
2089	21265
1321	20458
2124	21296
1811	20027
2751	27853
2279	32352
2867	29716
2578	28536
2796	28815
2694	32048
2792	31298
2248	27168
2333	29913
2687	32040
2714	32923
2351	32460
2758	32124
2803	31313
2323	33308
2745	27848
2419	31701
2394	32522
2304	32397
2457	33490
2577	32760
2301	32392
2603	33719
2549	28512
2473	29279
2857	30560
2512	29318
2592	31057
2719	27800
2399	28269
2400	32531
2838	28864
2896	33161
2610	30274
2542	33634
2436	29222
2740	32959
2809	33044
2840	29682
2805	33033
2618	30283
2275	27201
2271	27195
2339	30740
2529	29339
2312	29068
2286	28112
2510	27543
2722	29546
2325	29083
2366	28225
2622	32809
2571	33674
2893	32289
2586	31054
3100	34366
3368	36961
3369	38040
3151	35563
3282	37959
3091	37177
3263	36264
2961	34199
3122	34955
2954	37024
3276	36280
3193	36173
2931	37001
3187	34512
3080	36002
3153	37270
3333	38534
3177	34494
3311	37986
3112	37736
3289	36298
3117	37742
3315	37453
3409	41199
3579	40330
3403	41195
3397	42221
3569	40875
3654	39429
3545	41891
3445	40715
3506	39265
3758	41106
3752	40556
3764	42135
3666	41015
3490	38740
3531	42385
3682	41031
3597	41437
3742	41095
3426	40686
3782	42710
3459	39695
3502	41841
3438	41770
3427	41750
3443	42280
3442	39190
3454	40202
3784	42713
3730	41082
3631	40404
3615	39386
3516	41352
3592	38858
3564	39816
3408	40652
3491	39244
3681	39978
3373	40614
3389	40632
3698	42065
3605	42474
3431	41237
3553	42408
3452	38691
3538	41376
3736	42102
3603	39374
3635	41483
3723	39510
3750	42123
3460	38698
3577	40881
3570	39339
3661	41522
3791	39094
3731	40524
3792	42721
3607	41446
3656	39942
3413	39148
3591	38856
3686	42054
3560	39327
3571	41406
3537	40293
3480	39719
3496	40779
3530	41365
3718	40515
3412	41727
3720	40022
3419	39646
3670	41535
3468	41283
3382	41168
3385	39596
3879	42802
4067	45811
4241	44116
4131	44929
4239	44558
4055	43930
4123	45404
4257	43189
3847	43248
4003	44780
3954	44278
4157	46383
3977	45230
3887	45120
4028	44353
3910	45144
4129	44468
3883	45605
3991	45237
3835	44176
3805	43660
4855	47072
4820	49360
4415	46615
4277	47124
4689	50352
4456	46678
4408	47272
4568	46778
4858	47076
4675	46886
4793	48777
4621	49739
4472	50739
4723	48720
4843	49934
4336	46536
4884	48292
4502	50191
4781	49322
4382	47251
4595	47444
4441	47876
4706	49813
4522	47949
4485	50748
4571	47990
4836	50492
4357	49498
4711	48137
4489	48499
4657	50322
4416	48997
4596	50273
4525	49098
4626	49178
4771	48187
4581	46789
4806	47022
4619	48021
4473	47348
4840	49375
4402	50652
4273	48854
4778	49884
4499	46719
4288	48311
4845	48248
4434	50131
4817	48218
4401	49537
4792	47618
4586	50258
4688	50943
4602	46805
4287	49430
4340	50606
4551	48567
4483	46697
4576	50827
4638	49758
4475	49056
4290	50559
4398	49534
4834	47658
4391	50644
4512	50197
4739	49284
4721	47560
4708	46917
4681	47519
4801	48786
4420	50117
4695	46902
4318	46523
4383	47810
4637	48644
4446	47317
4319	49469
4281	49974
4882	47698
4700	49243
4360	48367
4504	46722
4853	50502
4378	47805
4546	48556
4878	47105
4353	48931
4303	47159
4609	49722
4720	48719
4481	49625
4491	50181
4488	50177
4664	48070
4590	48604
4685	50940
4856	51075
4509	50769
4630	48638
4648	48050
4811	48797
4304	50569
4835	48816
4716	48709
4385	47813
4399	50091
4848	47068
4650	48055
4376	50074
4558	49681
4426	50124
4694	48685
4320	50026
4537	50791
4501	49078
4593	48609
4457	48469
4397	50646
4669	50333
4363	49505
4803	48787
4717	48711
4361	48942
4478	46695
4395	47261
4603	49719
4617	48623
5080	52714
5171	51364
4901	51462
5236	51436
5070	51261
4900	51816
5201	52858
4955	52225
5157	51696
5056	52329
5134	51319
4977	52988
4902	51463
5245	53247
5019	51561
5185	52094
4954	52224
5125	52765
4983	52605
4970	51180
4925	52192
4936	52205
5007	51914
5137	53134
4998	51211
5043	53051
5195	51769
4943	53319
5128	53480
4924	52559
4907	53624
5155	52431
5220	51418
5012	53733
5120	52387
5044	52316
5222	51783
5170	53903
5025	52660
5062	51604
5003	52630
5024	52294
5090	52723
5230	51791
5130	53859
5040	51239
5161	52061
4963	51173
5207	51411
5223	53223
4953	53666
5244	53245
5180	51735
4928	51484
4984	53698
5097	52371
5159	53891
4937	52206
5047	51585
5095	51991
5066	52702
5006	53018
4911	51826
5234	51433
5228	53590
5173	53907
5142	53136
5033	53398
5179	51734
5129	51666
5109	53843
5216	53217
4972	51182
4934	53309
5079	52351
4994	52260
4899	52159
5214	51415
5108	53842
5139	52779
5096	51992
5010	51915
5074	51273
5237	51802
5178	51376
4896	51110
5027	52662
4886	52148
4929	52939
5121	52763
5396	54077
5296	55094
5381	55322
5283	53995
5409	55346
5309	54193
5338	55290
5268	53986
5272	54889
5401	54631
5317	55118
5461	55389
5449	55204
5303	54190
5369	55314
5306	54923
5347	54595
5316	55268
5380	54809
5286	53997
5456	55208
5318	54386
5280	54164
5265	54527
5330	54028
5360	55306
5274	54160
5359	54606
5395	55171
5382	54445
5256	54683
5428	55015
5311	55262
5249	54134
5270	55079
5400	55172
5294	54364
5418	54286
5374	55163
5361	55147
5368	54062
5331	54758
5386	54989
5282	54165
5345	55296
5257	54521
5377	55166
5269	55078
5355	54416
5437	55371
5426	55188
5385	54449
5310	54924
5378	54807
5263	54148
5442	54656
5342	54042
5313	54927
5403	54278
5275	53989
5419	54642
5410	55347
5323	54755
5445	54851
5258	54685
5337	55133
5459	54666
5397	55337
5285	54358
5287	54705
5390	55327
5343	54949
5430	54483
5438	54312
5314	54738
5431	55368
5373	54256
5408	54998
5405	54634
5322	54569
5304	54016
5358	54421
5432	55367
5393	54269
5281	54895
5364	54427
144	16265
259	14602
1149	14039
989	19104
147	9105
889	8312
776	8154
768	9927
1231	15973
1068	10338
883	18972
733	18754
1212	19404
531	18497
284	5821
1235	17734
696	18698
1222	19418
934	8379
386	9436
106	14414
835	11766
1028	17471
1317	7163
628	11467
761	15274
195	9154
126	7317
1133	10436
1276	16037
910	8356
1002	11967
897	15506
617	6270
391	9450
1255	14183
299	11044
571	18553
1229	10568
1315	19542
0	7165
625	13289
69	14367
264	14612
1001	8466
788	18850
1023	17460
321	11082
839	8260
572	11418
806	6524
599	15075
238	12749
1055	12062
1174	14086
1194	15925
908	6649
287	7522
1130	14002
1113	17573
937	10163
833	17197
1154	12221
1260	17756
317	14678
9	16103
1020	17445
702	13394
1246	15988
301	11050
21	5500
815	8220
1137	15833
967	13783
1232	7068
89	14381
92	14388
1009	11988
595	13251
922	6670
31	14309
199	16330
1295	12401
500	13126
694	6355
490	7802
1308	16088
699	11558
561	7879
1268	16021
580	13233
541	13176
56	14346
808	13572
1254	17749
503	6119
179	5699
22	10697
360	14733
583	15057
1209	19403
385	12973
326	9347
1013	19125
1274	14218
536	11353
651	13326
484	9548
749	11626
613	16905
767	8139
72	14371
365	9412
1301	19525
906	17296
862	11801
93	12552
193	16319
1105	19246
371	14760
1092	17545
837	6568
248	7466
679	13361
1148	6939
563	18538
60	12517
1302	12418
701	18711
285	12818
1266	16018
155	12637
1307	17824
1217	17713
304	12857
963	17374
263	14611
87	17954
551	13202
629	9734
946	19062
57	14352
697	9820
376	5945
54	16163
252	16399
1031	15691
320	16514
547	14992
1240	10576
213	10932
480	13097
341	12911
393	7687
409	16643
258	9234
1234	7069
465	16718
327	14694
454	7762
712	11580
1183	6994
1060	10320
351	12922
216	5743
141	16260
888	11838
1047	10309
1042	13871
700	6363
357	16563
916	13716
1244	17741
638	13317
211	10929
998	15641
231	10957
1029	17473
867	15467
372	18279
1265	14204
921	15561
826	17191
32	7203
555	15016
970	10208
640	6296
256	16405
744	9890
1216	8775
1198	14121
352	18247
381	12970
312	12870
980	17393
577	9672
188	14512
444	18364
303	16484
127	16242
358	18254
95	7279
870	6603
280	16433
564	11400
1269	14208
509	7822
537	16809
1014	19127
528	18490
593	11439
1142	12199
85	16195
24	12469
780	18837
924	10146
180	12668
928	17328
379	9433
410	7701
873	11820
1140	12197
665	7997
3	7168
1046	12054
957	13775
251	10987
1690	26601
2051	21231
1962	25931
1497	19687
2008	25990
2175	26158
1468	24484
1993	23136
2081	23211
1696	21828
1575	24617
1740	24794
1786	26696
1837	21996
1364	23412
2238	26229
1888	24003
2118	26099
1658	23744
1999	24126
2106	24217
1971	26885
1742	19958
1900	23038
1591	20744
1388	21476
1890	23029
1743	21891
2069	25143
1465	22553
1969	26883
2110	24219
1452	21538
2217	22394
1336	21434
1777	24829
2237	22414
1347	25328
2173	27082
1460	19661
1922	24043
1810	22948
2240	21412
1894	21049
2099	20317
1698	20841
1961	26874
1814	20028
2131	22303
2151	24262
1638	23722
2039	20256
2209	25271
1794	20009
2150	23284
1712	23806
1772	24822
1792	26703
1845	23959
2213	24329
1994	23137
2084	24201
2028	21203
1963	24094
1427	21517
1528	24551
1439	22526
2072	26056
1701	24749
2015	23162
1939	26842
2223	27139
1731	24781
1821	23923
1559	24600
1597	21709
1609	22713
1443	26347
2065	26052
1725	23821
1965	22135
1771	24821
2863	27990
2470	30920
2334	32440
2590	30236
2887	28938
2579	31899
2753	31250
2670	32874
2371	31620
2254	33198
2641	33774
2488	28423
2485	30106
2507	29313
2317	29078
2396	30813
2467	30092
2759	32981
2680	27753
2884	32281
2621	28585
2294	33265
2505	30131
2318	32416
2293	28137
2666	31138
2415	33433
2433	31721
2604	32791
2664	32005
2440	27452
2437	27440
2369	30778
2627	27691
2732	29561
2413	30839
2881	33143
2783	33002
2451	29246
2284	29019
2789	27899
2824	32214
2864	31380
2295	29855
2446	30058
2260	30647
2725	30398
2348	29112
2262	29805
2319	32417
2734	27823
2397	29175
2769	28775
2746	29586
2704	30374
2379	31639
2264	28086
2392	29171
2253	30643
2883	33146
2890	29755
2762	30449
2315	29071
2584	30223
2671	28651
2647	33788
2546	27613
2861	32243
2565	33668
2904	28952
2815	30521
2336	33322
2469	29275
2364	27339
2527	28482
2736	31226
2609	31943
2806	28821
2503	28456
2842	30547
2495	29303
2454	31746
2739	33899
2245	31433
2383	33396
2484	31783
2377	28245
2624	27683
2892	28046
2302	28146
2633	28603
2337	27309
2835	29676
2678	31156
2635	28606
2354	32467
2741	27837
2269	29812
2645	30313
2619	33735
2472	32630
2460	30078
2417	32546
2539	30999
2693	32899
2716	30393
2501	33568
2405	29180
2698	27776
2859	33096
2804	27918
2427	30034
2443	27454
2330	32435
2801	33029
2335	29088
2531	32713
2455	27478
2799	27914
2819	29669
2828	34017
2822	28850
2870	28001
2416	28298
2682	30345
2558	27628
2463	32617
2818	31340
2349	29111
2707	31198
2356	29122
2862	28895
2798	27913
2576	29395
2836	29678
2808	31319
2307	31542
2523	27559
2407	27397
2853	32235
2252	31440
2425	28315
2251	27169
2249	30631
2342	28187
2368	31613
2765	28769
2764	27862
2814	28838
2345	29101
2735	33889
2614	33732
2406	30001
2305	29062
2752	30438
2839	31356
2784	33945
2256	30645
2573	29388
2432	32573
2568	31889
2834	32222
2658	32001
2837	30539
2899	34126
2790	27900
2738	32089
2711	32922
2291	27225
2873	34072
2823	33071
2629	31096
2499	32663
2282	30668
2513	30142
2547	30184
2283	29018
2329	29904
2660	32002
2644	28618
2358	28216
2643	31116
2273	29000
2854	34046
2506	31822
2389	30806
2500	32667
3059	36576
2979	35905
3293	34644
2935	35301
3185	38353
2941	37014
3239	38427
3129	35525
2920	34746
3169	36139
2993	34248
3033	37123
3242	35120
2963	34207
3140	36688
2949	34784
3164	35579
3017	37105
2966	35886
3197	36764
2999	35918
3058	35451
3200	35058
3192	36171
3039	38181
3317	36911
3183	36161
3188	37308
3281	35729
3309	34667
2923	36991
3060	35454
3028	36547
3350	35240
3010	34273
2929	34757
3037	35962
3123	37220
3150	34457
3335	34689
3055	37688
2906	37512
3353	38025
3071	37695
3118	34381
3256	36841
3209	38384
3097	36625
3356	38027
3345	34701
3019	35414
3142	38309
3259	36260
3221	38404
3215	35078
3106	35500
3064	34900
2953	34191
3163	36722
2950	35307
2986	34825
3248	37398
3217	36195
3273	37415
2987	37065
2952	38083
2927	34153
3202	35060
3313	36325
3363	38033
3302	36311
3357	36954
2910	35826
3205	35628
2942	37553
3044	36560
2945	34181
3349	37488
3321	38518
3346	35797
2960	34793
3341	36362
3218	34551
3186	35608
3314	35767
3196	38369
3324	34679
2974	35898
3291	38490
3038	35433
3337	38006
3119	36651
3070	36588
3133	38282
3367	38583
3096	35496
3265	35146
2947	36448
3105	37202
3157	37277
3195	35620
3162	36131
3082	34341
3042	38183
2939	37011
3649	39930
3645	39412
3772	40582
3528	39292
3669	41017
3384	40125
3511	40813
3861	43254
4029	44356
4118	46351
4832	47657
4331	48920
4764	49300
4623	49174
4690	50945
4797	48784
5105	52008
5089	52360
5034	53402
5241	53244
4921	52183
5023	51928
5060	51601
5013	51920
5028	51570
5092	51984
4897	53268
4993	53710
5021	53743
4913	52542
4991	53004
5164	52447
5148	53880
5172	51368
4989	53348
4971	53338
5356	54054
450	18374
821	15397
325	18226
793	6490
1016	15665
5	5477
172	7368
70	17932
245	10969
1141	19299
709	8054
534	9615
215	14553
954	15597
822	17185
620	7947
542	13178
204	16345
1271	10613
268	16416
885	15483
813	15383
535	13172
1219	7042
34	12480
505	6124
128	18008
550	6188
324	11086
2014	26942
1338	26252
1343	25325
1488	20623
2078	20304
2003	26931
1815	25794
2429	27427
2874	34078
3626	38908
3716	39503
3617	39887
3926	45175
4240	46449
3854	44189
4167	43095
4641	50881
4507	47374
5371	55160
923	17324
1099	19239
1069	6848
38	10710
513	6129
1064	12073
1095	19224
965	6711
797	6502
875	8298
765	9924
930	10152
582	13243
648	7974
1293	7129
395	5975
736	13442
460	11243
674	6341
131	12609
132	16247
1261	19462
154	10855
121	12587
1160	19334
899	10104
573	18556
898	15507
979	11945
683	18688
576	6223
801	6519
652	11500
848	13623
441	16689
734	15225
101	9041
349	11124
840	10032
1259	19460
1054	15713
1132	14004
432	6024
75	17946
405	7698
1043	10304
310	12867
533	9611
524	9593
1461	22546
1697	25674
1563	23632
1576	22675
1378	23425
2233	23363
1756	23858
2519	32693
2480	29285
2276	29004
2613	32802
2465	29271
2672	30337
3032	38174
2991	34247
2943	36441
3191	37864
3074	37157
3371	36962
3318	35201
3325	35209
3139	35543
3014	37636
2912	36401
3359	36956
3234	36222
3225	35090
3090	34924
3227	36794
3360	35814
3027	34872
2933	35300
3081	34340
3020	34286
3048	37134
3790	40601
3697	40489
3376	42197
3744	41098
3706	41048
3776	42698
3794	40113
3458	41270
3636	39915
3754	39054
3464	39701
3637	40961
3407	40150
3590	40893
3684	39472
3525	41871
3378	40123
3756	42128
3611	41452
3632	41478
3660	38949
3494	38745
3751	42666
3463	39700
3781	40107
3444	39680
3647	38926
3734	41084
3514	39766
3467	41798
3593	38860
3774	39574
3722	40024
3401	42229
3581	38844
3765	41111
3768	42682
3748	41102
3488	41831
3549	41895
3527	39779
3761	39557
3700	38992
3484	38732
3495	39250
3529	39780
3418	41734
3540	41879
3518	42373
3719	40020
3650	40986
3708	41580
3388	38602
3735	41615
3434	42271
3643	41494
3499	42343
3773	42693
3702	38994
3675	39966
3481	41820
3690	39987
3461	41794
3503	40791
3543	39794
3587	38852
3430	39662
3746	40053
3663	39955
3694	41039
3658	40996
3377	41163
3396	41716
3788	39091
3451	40198
3548	39310
3695	41569
3559	40310
3741	40538
3517	40825
3533	38793
3522	40827
3386	39108
3743	42111
3498	39254
3420	39159
3392	39124
3655	42009
3393	42215
3692	41038
3561	40866
3500	38752
3627	40400
3620	38899
3586	41919
3521	39775
3417	42243
3575	39343
3610	41449
3432	41239
3728	41607
3476	40753
3609	40904
3721	40520
3652	38936
3582	40337
3513	40815
3398	39133
3479	38727
3687	42581
3602	39859
3433	38661
3473	40748
3558	39807
3486	41826
3891	45124
3804	43659
3850	44188
3857	43251
3914	43303
3831	44172
4196	45950
4116	45882
4202	45960
3964	42900
4090	45360
4069	44394
4085	43477
4089	43968
3863	42781
3983	43837
4141	44037
4021	45266
3907	46129
3797	45535
4205	45963
3949	45195
3823	42749
3959	46190
3953	44277
4091	44879
4211	43138
4146	45422
3981	45722
3967	44295
4001	46233
4062	46289
4208	46427
4081	46313
4182	46406
3924	44250
4227	46439
4161	43542
4016	45752
4262	46472
4093	45365
4264	44136
3849	45090
4068	44841
4163	46391
4113	43503
3898	42816
3980	46218
4111	44004
4004	43861
4060	43001
3933	43324
3862	44191
4127	44923
3840	44648
4223	43592
4039	45783
4188	45460
4224	44547
3995	43852
4159	44495
4185	44513
4079	46307
4145	43082
4181	44508
3896	44225
4099	43993
4267	45034
4133	44031
4190	44072
4175	45449
3866	46086
4189	44516
3893	45128
4009	43390
4255	45526
3904	45628
4209	44532
4108	44000
3889	45121
4177	44506
3832	42759
3905	43294
3979	46217
3944	46170
4096	44893
3989	44770
4171	46398
4050	44825
4082	44864
4247	45519
4012	44786
4084	43032
3882	43726
3984	42913
4036	42968
3884	45114
4015	44340
3817	43222
3945	46175
4094	45852
4117	45884
3920	45165
4176	45451
4187	43107
3880	44666
4139	43529
3947	43341
4234	43161
4165	43545
3988	45727
3839	44647
4160	44049
4031	42963
4220	44102
4059	44833
3928	43770
3870	44199
3830	42756
4222	44544
4152	45921
3994	42921
4242	44562
3965	44290
4228	44549
3917	45154
4213	44982
3968	45705
4192	43561
4010	43391
4114	44008
4263	45028
4269	45533
4214	44095
3931	44719
4017	43398
3855	42776
3867	43702
4136	43522
4226	45498
4144	44944
4137	43078
4119	45398
3909	44692
3827	45073
3807	45052
3952	43345
3961	44739
4164	45937
3822	45068
3990	42920
3819	44154
4258	43190
3858	45583
3853	43250
4056	45801
4206	46426
4018	42936
3921	44710
3941	43787
4134	44932
4126	43519
3900	46120
3820	43223
4092	43488
4268	45038
4078	43955
4148	44482
4248	44571
4027	45278
3800	42730
4037	45288
4035	46268
3934	45184
4150	46378
3824	43675
3971	44304
4201	45959
4714	49819
4750	49854
4591	47442
4534	47393
4308	48896
4625	48030
4809	47027
4386	46579
4670	50335
4722	46943
4317	46522
4696	49242
4279	46488
4825	48229
4740	50408
4406	48988
4775	46998
4351	47207
4588	48603
4607	48614
4418	50109
4725	49276
4732	50977
4517	49092
4833	48815
4634	46839
4730	50974
4584	46793
4693	48109
4387	46580
4296	47724
4616	50294
4463	50155
4564	47985
4459	50153
4452	50725
4611	47453
4763	51006
4306	46509
4425	50685
4476	47352
4747	50421
4299	47154
4769	49874
4292	50562
4466	49049
4302	47157
4776	48768
4668	48664
4610	49162
4751	50991
4309	47738
4863	51084
4384	50077
4445	48453
4680	46887
4864	48841
4282	49423
4409	48414
4396	47262
4550	49121
4447	48457
4790	49337
4305	48889
4293	47145
4636	48643
4451	50724
4394	47260
4918	51125
5167	53902
4974	51880
5061	52697
5219	53582
4952	51165
5131	52404
5208	52861
5176	51722
4965	51875
5300	54911
5352	54236
5392	55332
1187	14102
246	9210
1012	10256
1003	15648
909	11871
777	17118
982	10224
1285	16054
177	5698
55	7234
2010	21173
1981	26898
2139	26122
1672	21792