255	18155
2454	30181
3129	34394
1202	15909
1221	17669
475	18480
1309	14324
2140	27067
1657	26612
1509	24547
1525	23604
1334	21525
2237	25252
2369	30908
2868	28916
2309	33378
3186	35557
3076	38257
3273	34571
3055	34311
3495	39321
3753	40635
4183	45441
4055	44879
4074	44901
4483	46662
4796	47538
4489	47823
5054	52285
4920	52878
5040	51240
5246	52842
4904	51470
5365	54769
5335	54227
5268	54348
5466	55202
5383	54964
5363	54058
5337	54569
5366	54426
1203	7062
977	17371
953	6763
871	10186
828	17159
1233	8908
528	6162
343	16521
88	12676
605	11689
448	9617
210	14597
553	9741
438	7776
1034	10448
851	18937
802	10088
548	18565
1297	16062
859	17188
292	18205
1276	14294
678	18730
377	7701
1304	10810
179	14562
1204	15916
689	18755
1232	19429
312	9433
260	14669
355	7673
912	17265
1010	10415
1289	14304
452	16666
843	10152
483	16726
64	7278
454	18441
1631	23698
2170	21420
1959	21203
2179	20466
1627	19876
1889	26831
2157	23298
1986	25011
2101	25108
1406	22554
2158	26154
1853	23927
1359	25307
2197	27115
1507	25440
1687	23758
1903	26847
1459	25396
1633	19879
1397	19633
2174	27094
2239	24324
1522	22683
1635	22795
1828	25798
1915	23997
1979	20261
1842	22088
1837	21083
1385	23455
1647	24668
2173	23308
1913	23051
1549	21753
2761	31431
2740	30567
2583	31202
2587	33730
2363	32567
2515	31956
2637	31292
2620	32091
2457	31041
2734	27910
2443	31847
2793	34005
2430	29205
2659	32980
2246	28967
2335	30022
2579	28515
2627	30433
2274	32441
2325	30849
2588	33731
2576	28509
2447	31026
2594	32041
3293	37950
2923	34168
3034	34885
3175	37275
3163	35535
3203	35572
3354	34668
3181	35552
2965	34210
3140	36055
3177	38368
3172	38360
3290	35662
3003	35900
2911	34138
3189	37285
3107	34961
2946	35823
2980	36436
3628	39489
3770	41706
3774	41178
3602	38873
3731	41652
3631	40006
3793	40688
3454	38685
3546	41925
3601	40467
3413	39741
3713	40097
3501	38739
3665	41054
3377	42198
3728	42631
3668	40042
3445	42300
4105	46331
3912	44733
3813	45090
4152	44484
4107	43951
4231	44055
4109	43953
3933	46139
4219	44047
3808	44119
4051	44878
3920	43773
4141	45404
3964	43358
3956	42893
4094	44434
3977	44312
4234	45039
4236	44552
3953	44273
4235	45962
3927	44741
3895	45185
4387	47141
4872	51085
4480	49522
4514	47259
4474	46657
4791	49243
4553	46721
4577	46742
4657	47994
4562	50773
4442	47784
4404	50631
4426	48360
4760	49838
4873	50482
4429	50075
4691	48027
4704	50916
4476	50689
4530	50153
4361	47109
4833	51049
4522	50146
4500	48416
4321	47066
4683	48587
4396	48890
4758	50981
4713	49191
4773	50991
4517	49567
4326	49380
4588	48501
4739	47490
4768	50387
5130	53814
4900	51466
5124	53448
5142	52027
5127	51669
5129	52362
4909	52870
5072	52296
5101	51646
4901	53594
4988	51882
4984	52933
5209	51752
4977	53312
5010	51899
4987	51190
5076	51946
5063	53386
5161	52404
4925	52535
4994	51886
4955	52566
5175	52771
5217	53531
5090	53051
5052	53004
5158	52762
5020	53347
5212	51754
4902	53243
4929	53619
4899	52518
5162	51365
4903	53596
5115	53079
5301	54714
5389	54078
5310	54018
5415	55000
5299	54545
5328	54732
5444	54829
5317	54387
5378	55331
5254	54153
5364	54943
5352	54934
5455	54134
5338	54570
5440	55190
5374	55133
5452	55027
5382	54963
5271	53982
5277	54701
5445	54662
384	18359
1095	10520
1242	8933
1245	17708
714	15297
285	12905
627	15191
784	8287
856	15459
1124	14080
658	16944
163	9232
758	8262
549	18566
319	9449
790	11920
555	6191
737	13536
883	17219
236	11144
881	15491
1288	17776
223	11122
681	6393
75	17897
855	13682
825	17153
73	17895
529	18543
514	15036
536	16772
721	17050
876	18973
748	15333
1007	13908
1070	12280
561	18573
607	11697
282	7538
630	11719
618	18639
365	13025
966	17356
640	8109
1045	15720
449	6053
1069	12279
1188	17623
1142	14102
55	9106
1254	19460
347	18294
941	8519
500	11523
747	13551
956	17346
215	7458
20	9070
145	7364
159	11043
1085	12305
952	15605
416	7754
1295	10802
147	9207
841	18926
23	7228
1197	19378
427	6030
971	8552
962	15619
1137	19322
286	12906
1299	17786
662	11761
471	7833
81	9134
1310	19534
1093	12313
166	9239
570	16825
1033	17449
770	11894
621	13392
80	16187
217	7461
1075	12289
591	6267
1044	17456
123	10995
925	6713
1042	8661
1018	8637
181	14565
877	6617
499	7872
150	17989
927	15574
882	8425
445	14939
281	14696
171	18045
297	7566
142	5651
72	16173
870	6604
906	13759
895	12048
1287	14303
622	8070
460	7820
113	14475
316	12949
853	18941
1286	10789
192	9271
41	17860
557	15075
934	10310
1037	8655
680	9950
324	18253
626	13395
43	12615
125	7343
1229	15963
587	6261
15	12588
5	9053
1235	19430
1022	8642
1246	10729
117	17945
558	9748
513	15034
1251	7123
423	11420
734	18805
1134	19319
479	13195
691	13482
1032	10443
694	9973
523	18537
576	7997
329	12971
624	18650
1316	16092
812	10104
306	16466
1981	25009
2050	26983
1958	26904
1453	22601
1497	21695
1469	19709
1859	25833
1436	19675
2114	21368
1749	22908
1636	22796
1338	23404
1720	24743
2117	25122
1373	19608
2185	26184
1802	26752
1372	26307
2148	27079
1462	21650
2023	26961
1809	24857
1382	22522
1751	23826
1411	24431
1850	24889
1728	19974
1896	22138
1723	25656
1909	26855
2136	23281
2141	26140
1965	20244
1518	26467
1341	26271
1928	26880
2053	26986
1788	25765
1614	23685
1484	23561
1924	25902
1544	21745
1552	20800
1894	21143
2235	20512
1396	25336
2000	24093
1389	25334
1904	21155
2167	25187
2190	20477
1388	25333
1693	20921
1833	23913
1498	23576
2151	26147
1846	26794
2084	27013
2200	20481
1655	23724
1786	20069
1465	20695
2063	25077
1543	23625
2210	21457
1955	24042
1321	19560
1516	23590
2108	23254
2069	23214
1611	22768
2010	24106
1860	20136
2176	23312
2007	22244
1976	23121
1886	26830
1424	25367
2075	25088
1933	25916
1815	23887
1501	26452
1741	24765
1721	25655
1514	21707
1461	26400
1808	20090
1985	22222
1825	21065
1952	21195
1710	21938
2234	21481
1911	20188
1746	26683
1618	20845
1712	22870
1719	20946
2218	22446
1563	21770
1999	25025
1645	23712
1711	21939
1967	24059
1387	25324
1324	25277
1685	23755
1774	26717
1912	23050
1849	22094
2203	24296
1899	20176
1354	25304
1926	20207
1438	24458
1326	25278
1977	23122
1357	21542
1857	23930
2186	26185
2216	27129
1451	26389
2030	21289
1519	26468
1707	25642
2071	26060
1369	25311
1340	21528
2149	20434
2129	23269
1868	26811
1994	25981
2238	20513
1890	22131
1804	22965
1930	25912
2137	26136
2162	23302
1671	21899
1686	26633
1895	23970
1460	24483
2230	26232
2043	21299
1545	23628
1713	19961
2062	26052
1586	25516
1610	21820
1738	26676
1556	19814
1975	26919
1666	24692
2025	25051
1683	26631
1546	20788
1888	23962
1346	25299
1997	20271
1471	21671
1531	21725
1983	21231
1709	19955
1946	21192
1562	26523
2004	23150
1475	26423
1539	19797
1547	23630
1602	22760
1934	24027
1318	26246
2096	26084
1861	26805
1971	24067
2121	21378
2171	24256
1694	19940
1538	25469
1347	23418
1470	19715
2222	21469
2214	23347
1779	20061
1941	20227
2188	24268
1421	20639
1319	23380
2138	26137
2152	25167
1876	24907
2208	23344
1384	21563
1695	21922
1830	24874
1948	26897
2014	26007
1394	24417
1499	23577
2051	23208
1817	22052
2048	23203
1566	26529
2083	21336
2177	24265
2135	20421
1500	22653
1821	24865
1872	20150
1925	24017
2081	21334
1996	23139
1696	21923
2110	24197
1360	24373
1874	20151
1634	24664
1597	19845
2126	25139
1980	22221
1768	25724
1358	26286
2240	23375
1966	24057
2172	20459
1869	23942
1780	25752
1367	19604
1892	26833
1910	21159
1669	23742
1701	22857
2029	20315
1416	25353
1390	21575
1956	24986
1993	23132
2221	26224
1703	19952
1593	20823
1399	25338
1692	23766
1866	24902
1673	24697
2040	25062
2107	21359
2052	20340
1665	26623
2122	24214
2232	23372
2027	23173
1329	23397
1702	21929
1619	26571
1629	20859
2164	24249
1767	20037
1929	24956
1744	25683
1700	23772
2120	22348
1371	20579
1536	23616
1790	20074
1442	22592
1529	23608
1877	25861
1897	20174
2125	26122
1870	21112
1674	22837
2113	24202
2316	31677
2431	30994
2464	31048
2299	29039
2599	30367
2822	32314
2746	33960
2543	28464
2357	27317
2772	33992
2716	30541
2581	28519
2405	30959
2564	32018
2660	33847
2714	33064
2403	30116
2361	30891
2270	32432
2825	34047
2350	30878
2476	27494
2591	27669
2590	33733
2606	30380
2809	33161
2267	30769
2694	29613
2529	28453
2713	29645
2966	35846
2919	35239
3088	35990
2958	37586
3337	36307
2912	34144
3198	36131
3039	35413
3335	37991
3287	35141
2922	35246
2956	34204
3323	37978
3352	38565
3493	39840
3538	41395
3518	39860
3453	39269
3422	39755
3568	40936
3452	40805
3479	41871
3611	41989
3580	41961
3442	38670
3558	39902
3703	39557
3480	38721
3595	40463
3629	39490
3594	38862
3586	42473
3468	39815
3505	39332
3722	40116
3646	42552
3638	38929
3765	41166
3767	41170
3517	40363
3487	39836
3478	40835
3626	39999
3416	41274
3715	42622
3393	40229
3661	40526
3388	40718
3500	41361
3650	42035
3383	38597
3587	41459
3789	41725
3725	39023
3705	41601
3414	40260
3417	40758
3529	40873
3675	40546
3653	42038
3382	39148
3719	39018
3475	41864
3926	44243
4246	44572
3984	45723
4200	45448
4039	44869
4069	45346
4252	45510
3914	43762
3856	42795
4124	45864
3910	46117
4221	45468
3818	42738
4309	48805
4410	50057
4880	47017
4623	49110
4564	47895
4821	48715
4586	49066
4297	47045
4710	50931
4362	50589
4617	47950
4734	50356
4718	48626
4419	50645
4878	47014
4611	49099
4812	50419
4379	50040
4454	47195
4848	48174
4460	48942
4399	48892
4572	48469
4316	47658
4545	50748
4728	48067
4732	47786
4629	47386
4770	47520
4703	46869
4337	49387
4547	48447
4601	49671
4716	49801
4785	49239
4570	50777
4423	46618
4818	51033
4535	50160
4876	47621
4809	48702
4783	49236
4620	48535
4314	48810
4416	50063
4603	49093
4747	49213
4295	48216
4722	49808
4820	48143
4725	49201
4529	50737
4633	50847
4647	46825
4839	46979
4411	48338
4478	47814
4819	47561
4304	50524
4466	48388
4383	50616
4678	47423
4519	48432
4401	46593
4421	47173
4515	49566
4310	47055
4730	49811
4512	50721
4862	48188
4717	48624
4469	49515
4453	50664
4580	46749
4328	46540
4598	50237
4799	50405
4384	48872
4494	48412
4595	49084
4417	50644
4408	46601
4706	50923
4772	50989
5149	52390
5074	53398
4949	53289
5207	51415
4998	51204
5222	52460
4942	53642
5247	52844
5075	53030
5071	53758
5119	53801
5014	51217
4905	52862
5080	53032
5113	52003
5016	51562
5047	53376
4932	51142
4888	52503
5180	53146
5000	51552
5104	51984
5106	53429
5244	52837
5156	53850
5195	52439
5043	51249
5146	53465
5170	53867
4930	51488
5167	53130
5192	53158
5041	51241
5031	52260
5023	52617
5243	52836
4939	52547
5096	51309
5003	51553
4924	51132
5240	51785
5007	53690
5163	52405
4922	52533
5094	53412
5199	52088
4980	51873
5083	53770
4893	51109
5019	52240
5051	52643
5155	52042
4891	52144
5110	51652
5309	54555
5425	54297
5290	54367
5303	54897
5294	54188
5353	54756
5356	54588
5346	55298
5330	54222
5464	54503
5465	54325
5433	54474
5298	54007
5350	54929
5401	54798
5439	54122
5339	54573
5467	54334
5396	54275
5412	54286
5449	54493
5416	54808
5410	55157
5253	54687
5258	53974
5314	54907
5367	54947
5266	55222
5368	54062
5420	54812
5397	54972
5394	54273
5405	54626
5407	54456
5287	54541
5454	54318
5305	54900
5345	54925
5414	55350
5421	54102
5323	54215
5360	55313
5395	54082
5255	53969
5437	55187
5460	54321
5308	54901
5442	55374
5456	54673
5375	54957
5409	55343
5319	54563
5381	54962
673	16971
214	5759
1163	17593
348	11318
727	8220
94	10957
8	10841
833	18913
151	16283
339	7647
1252	14256
129	17960
960	19097
875	17212
372	14840
854	15457
1281	7159
226	5770
930	8502
1272	16040
763	15348
196	5737
560	11612
611	6293
17	16111
1258	14272
537	9718
280	11212
294	12917
303	7579
628	16910
1076	6911
606	13367
330	12972
625	9865
949	12142
1118	10558
913	8471
322	18248
95	12690
13	7223
629	18670
803	8307
83	16190
1117	14063
608	15167
1119	17527
723	15308
1121	14069
1092	17507
515	11545
1275	8991
596	18616
220	18100
130	14499
1103	14044
250	12869
970	13852
679	11784
1241	17703
1116	14062
617	13383
981	19124
991	6811
1051	6883
298	7571
598	8037
1149	15853
135	12732
878	10205
1267	16032
326	9465
554	11604
1056	12263
753	18825
433	13121
230	16381
845	6575
468	18471
824	10121
486	16728
1113	14055
132	17963
891	10225
358	9511
494	11517
404	9577
1087	19265
398	11393
42	10881
444	14937
333	7635
1293	14309
393	11385
1013	6842
126	17953
1088	6930
439	16652
972	19109
769	13578
317	14746
873	17205
1059	8687
817	8327
728	6443
202	18082
65	9120
1173	19365
248	12865
834	13652
850	11991
342	16512
542	9730
1108	10533
1239	19437
300	7573
1147	10593
46	14391
56	10901
526	9704
764	6490
1065	17480
756	13562
1063	15741
1317	17812
1264	17747
1097	10522
1262	8980
648	6346
33	10872
185	18067
665	16955
922	13791
531	6169
1196	7056
337	12990
762	15347
1179	19371
103	7320
620	8068
45	10882
464	9647
1058	10482
341	9485
99	16207
1823	22980
1427	20650
1640	20868
1517	25443
1488	22639
1661	20890
2219	27134
1366	24384
1916	23053
2128	27057
1569	24621
1423	19666
1854	25827
1797	25775
1513	24551
2039	24135
1557	22722
1763	20033
1923	26872
1568	21777
1524	21719
2046	26981
1747	21966
1476	24510
2194	25210
1816	22976
1964	20242
1801	23868
1814	22051
1883	23956
1523	24560
1641	21855
2163	20448
2115	25120
2198	25221
1572	21782
1481	26434
1651	23719
1582	20817
1919	24946
2209	21456
1803	26753
1504	23580
1949	25931
2095	24181
1558	25492
2104	22333
1945	25927
1865	23940
1458	19692
2090	23232
1668	23741
1332	26264
2670	31329
2878	28929
2414	32647
2739	29678
2748	30577
2648	28644
2649	29530
2885	34110
2516	29336
2501	31937
2618	31267
2492	33616
2786	33130
2538	33673
2850	34071
2680	31340
2458	32689
2424	30983
2292	27212
2655	32973
2383	30926
2542	27617
2348	27304
2770	29714
2499	30252
2549	28474
2778	29728
2425	28308
2861	31556
2848	31538
2722	33926
2528	31146
2477	30211
2468	30199
2399	27380
2555	29396
2725	28756
2731	29667
2489	31914
2427	30989
2262	33307
2759	33106
2630	32105
2287	32461
2385	33462
2738	30565
2249	31608
2304	32488
2737	32240
2644	28637
2794	30628
2900	33288
2800	29751
2889	34113
2284	29025
2298	29973
2863	30709
2280	30789
2432	28324
2547	31167
2785	31462
2667	32150
2465	30195
2440	29227
2805	33152
2286	28135
2291	32467
2535	31980
2846	29807
2806	29755
2677	28689
2727	28758
2455	27465
2666	27805
2767	28800
2818	29776
2796	31471
2552	31171
2582	33727
2446	29242
2826	28857
2377	30090
2642	29518
2600	30368
2379	30920
2478	32714
2365	30900
2792	30625
2634	32949
2301	29043
2545	30315
2701	28731
2572	28504
2248	28972
2877	30724
2827	30663
2305	30824
2558	28490
2578	31197
2779	30612
2412	33497
2410	31821
2282	29952
2682	27834
2893	29872
2293	27214
2557	31175
2865	28912
2636	28625
2258	28098
2702	29628
2679	32163
2334	33399
2715	33067
2294	29966
2323	27265
2733	30563
2278	32450
2623	30421
2319	30839
3216	37316
2935	34742
3296	37954
3305	38515
3035	37100
3231	37326
3079	36572
3089	38274
3319	34638
3339	34658
2925	37535
2950	38093
2941	37564
3144	38337
3058	34315
3292	36241
3060	37127
3298	36249
3363	38580
3247	35620
3344	38005
3299	36845
3225	34506
3278	36214
3272	35122
3038	38209
3288	37395
3057	35432
2907	36341
3052	38226
3041	36521
3356	37488
3008	37076
3170	35548
3199	37297
3047	37686
3097	37724
3169	37269
2940	36386
3295	35669
3120	36036
3108	34962
3059	37125
3093	34352
3317	36864
3230	37873
3178	35550
3229	35605
3154	37247
3257	35100
3030	34290
3246	35087
3207	34482
3311	36273
2924	36359
2993	35362
2970	37592
3255	34547
3281	36809
3051	35425
3236	38434
3359	36324
3197	35048
3312	35179
3504	42372
3790	42182
3689	41579
3402	40241
4164	45900
3822	43650
4856	47596
4505	49552
4737	47489
4434	49487
5140	52378
4965	51173
4996	52598
4960	51863
5109	51314
5012	53694
4910	53252
5190	52077
5060	53747
4979	51534
5398	55147
696	13490
1046	10464
634	9894
998	10389
105	7321
643	6338
462	11479
1271	16037
791	15383
477	7842
695	17014
1154	7016
1312	12565
1102	15794
980	15635
807	13614
26	9076
194	7440
2074	25087
1839	26788
1441	25386
2091	25099
1478	25418
2828	28013
2411	32643
3712	40587
3831	43195
3981	45263
4127	43487
3812	45087
4552	50753
4702	49181
1212	15938
885	17223
668	18710
674	16975
115	16233
1105	10529
270	7525
571	9771
1061	13998
636	16925
1067	15746
1247	14228
964	8548
304	14723
354	11329
814	17140
1278	16042
697	6415
511	11539
1268	19485
501	16745
1129	6988
492	9675
268	7523
1300	10806
247	16398
504	7889
593	9819
153	14519
1123	12353
586	15135
1781	23851
1875	22115
1953	26900
2669	27809
2433	32659
2253	33299
3111	34374
3029	37098
3260	38459
2989	38145
2973	34797
3195	38384
2921	38052
3215	37313
2968	34213
3217	35590
3208	35056
3075	37707
3658	40516
3678	42584
3624	39996
3541	41921
3464	39281
3532	41384
3788	39674
3583	38847
3494	39320
3694	41079
3565	42429
3718	41627
3632	42015
3394	39174
3503	40851
3389	41227
3654	42039
3395	41238
3699	38997
3787	39119
3553	41929
3759	42679
3617	39472
3398	39722
3405	42243
3410	42253
3552	39389
3635	40503
3786	42713
3543	39882
3451	40803
3455	40809
3443	40290
3519	40858
3411	40258
3679	41070
3604	42489
3412	40751
3524	39354
3733	39044
3621	39993
3682	40066
3735	39605
3763	42685
3673	42058
3373	41740
3458	40811
3447	41830
3403	42237
3540	38779
3426	41813
3510	40361
3485	40840
3425	39764
3562	39911
3687	38985
3507	40359
3429	38656
3657	41543
3681	42589
3702	41081
3437	42286
3448	40800
3551	39387
3762	40167
3780	41714
3433	41300
3704	39002
3685	42591
3471	41857
3387	41767
3470	38710
3700	42603
3671	38966
3549	40404
3714	39011
3676	41067
3889	44209
4269	44595
4256	43139
3892	43280
4112	43475
4043	45315
4192	45443
3954	43347
4116	43956
3987	44811
4090	43009
3891	45184
4030	45300
4207	45936
3924	45210
4154	45418
4093	46322
4147	44970
4040	45312
3877	43263
4028	42949
3869	43254
3897	43742
4258	45517
3997	45278
3921	44738
3894	42828
3949	46154
4229	44538
4195	45008
4034	43874
3995	46202
4018	42936
3800	46010
4136	44960
3875	45627
4059	44888
4085	43001
3857	45606
4264	44588
3938	43331
4000	44330
3865	43246
4228	45150
3811	43639
4092	43015
3861	44678
3815	45552
3979	45718
4255	45515
4064	42985
4121	43962
4182	44995
4014	44340
4223	43102
3993	46200
4083	43935
4095	45846
4267	45071
4101	44442
4076	45827
4222	45469
4203	45453
3905	45656
3843	44654
3990	44320
4005	44337
4131	44457
3834	44642
4179	44011
3904	43294
4170	43072
3876	45629
4087	45365
3983	45266
4001	46207
3999	45737
4089	43008
4230	45032
3819	45554
3939	46151
4186	45921
3958	45699
3902	45190
4075	43920
4160	43994
3980	45719
4129	45389
4178	44008
4238	44555
3922	42856
4079	44417
4204	43559
4120	45379
4130	44950
3838	42775
4261	43142
3992	43833
4227	45022
4149	43523
4078	43923
4166	44487
4198	43084
4125	45865
4052	45799
3941	43335
3829	45116
4206	45014
3923	42857
3899	46102
4003	43379
3849	44667
3850	43230
3944	44269
4175	43074
3909	43301
3952	43803
4582	49631
4278	47632
4764	49226
4443	50080
4534	50159
4334	49996
4860	51067
4440	49493
4439	49491
4788	49849
4631	49705
4667	47413
4694	47438
4380	48868
4826	49881
4765	50385
4675	48011
4513	47258
4810	48703
4441	50078
4838	49895
4854	47592
4865	51071
4736	50357
4322	48242
4531	49009
4511	47256
4658	50287
4754	47508
4376	50612
4352	49410
4487	47822
4557	47881
4829	48151
4794	48683
4805	50413
4307	46511
4358	50582
4413	50061
4632	50843
4539	46711
4761	50984
4353	46567
4806	46950
4499	49548
5050	53002
5062	52293
5099	51980
5136	51345
5230	53550
5250	54338
5432	54653
1109	15797
905	12061
54	12625
720	8216
422	18401
345	9493
862	12008
1343	19584
2073	21328
2055	21309