6601	39711
10076	46537
14761	51737
15591	55950
20004	62016
3923	37465
6021	39225
6990	40036
2041	35880
12416	48623
10086	46545
11882	48168
9593	46103
8512	45160
9298	45851
10081	46540
10438	43081
10388	46808
12666	52464
12594	48806
14012	54166
13823	50472
14657	51622
13068	49452
14092	54254
14606	54934
12548	48747
17998	57740
17144	57113
18116	60087
17711	59813
18033	57761
15823	56127
15485	55867
16976	56982
18334	62416
18857	60877
20109	64148
20193	62191
21133	66997
20522	66435
21830	65795
20547	66457
20370	66275
22878	68746
22375	68218
23219	69094
23493	69379
23444	71624
25948	73841
24913	74434
24619	72796
24872	74398
24896	73026
24559	74146
26321	76325
26491	75783
26632	75904
26806	76758
26531	76520
26318	75614
26894	76125
26707	75982
1872	28618
5634	38927
1472	28319
1855	28606
8004	33927
151	34248
5446	31742
5382	38715
3986	30464
782	27718
4655	38077
7459	40413
126	34232
7195	33245
4958	31293
4825	31173
2355	36153
4963	31297
7667	40588
2738	29332
5738	32004
7559	40493
5340	31644
2636	36392
4952	38335
7100	40121
4105	37618
6577	39693
4941	31276
5422	38744
2430	36223
6664	39761
5284	31587
4251	30699
1999	35850
7309	40286
2652	29257
6159	32366
3443	30005
2305	36118
1665	35556
3931	37472
7330	40311
8132	40985
4587	30989
2432	36225
2616	29229
5523	38821
5692	31971
2021	35860
471	27441
4827	38222
7394	33414
5408	31708
4885	38282
2138	28834
7838	33794
6952	39997
8620	45254
10325	42976
9627	42339
10736	43380
10085	42759
9278	42022
8619	41432
12143	48387
12431	44854
10113	46567
12160	48408
10244	46664
11595	44110
11399	47710
8901	45483
11542	44063
10230	42897
10461	46863
12473	48671
10919	43539
8441	45099
10611	46996
8690	45314
12156	48403
8905	45487
10557	46952
8623	41435
8358	41189
12446	48650
9338	45880
11730	44239
11851	44351
11016	47354
8969	45553
9065	41817
11039	43644
9959	42639
10419	46831
8341	45011
10400	43047
12155	48401
9732	46224
10057	42738
12443	44864
12166	44607
11457	47769
10661	43309
14611	51552
13100	52987
15078	52123
12916	52758
14889	51890
14906	55286
13984	54123
13475	53512
12986	52848
13254	49690
13599	53647
12719	48968
13494	53533
12768	52597
13077	49466
13066	49448
13799	50428
13399	53403
14854	51851
15142	52194
15135	55561
13166	53074
14045	50761
13117	49519
14303	54536
13860	50523
14624	51578
13539	50071
14976	51989
13705	50291
15154	55592
13890	53997
13093	49493
12612	52405
14907	55287
13536	50065
14671	51642
12758	52582
13551	53597
14571	54888
17213	57164
15521	55899
17305	59506
15282	55724
16246	56441
16444	58831
15655	58234
17985	59998
17115	57091
17161	57128
15397	55802
16292	56480
15965	56224
17137	57108
15340	55766
17823	57611
17881	59924
16717	59055
17873	59916
17298	57218
17585	57456
15251	55694
15633	55988
15468	55855
16459	58841
16339	56517
16673	56749
17425	59591
17490	57379
16889	56910
15363	57992
19026	61045
19221	63262
18192	62263
18664	62734
18464	60429
19869	63898
18893	60911
19159	63208
19541	61562
20249	62244
18951	62991
18254	60221
18275	60241
19441	63481
18507	60486
20014	62023
19307	61297
19641	61653
18322	60295
18652	62724
18534	62610
18366	60341
19815	63841
19733	63754
20156	64187
19582	61598
19830	63856
22034	67887
21810	67655
20383	66289
20340	66240
20735	66646
21577	67431
21901	65867
22073	66040
21555	65507
21663	65611
21557	65509
21845	67695
21655	65603
21728	65675
20521	66434
21367	65329
21092	66960
20410	64425
21486	67344
20929	64914
21726	67572
20428	64449
21886	67728
22024	65990
21902	65868
20682	66595
22009	67863
20517	64517
21397	65370
22138	66108
21898	67743
21869	65829
21969	67820
21668	67518
20397	66297
20851	66741
21560	67408
21089	65065
23094	68961
22830	68697
24431	72641
22917	71078
22952	68815
22373	68213
23330	71517
23370	71557
22636	70799
22828	68696
24030	72215
24001	69892
22439	68277
22458	68298
23657	69550
24124	72329
23630	69523
23496	69385
23454	69340
23993	72187
24019	69916
23197	71394
23859	72038
24310	72528
23448	71631
23696	69583
24256	72472
22931	68796
24053	72245
23531	71709
23272	71467
24100	70001
22800	68665
22750	68607
24230	72430
24396	72605
23522	71702
24067	69972
22762	68622
24243	70143
23768	69652
23919	69799
22302	70446
24319	72537
22583	70747
24334	72547
23981	69867
24337	70231
22955	71123
22767	70936
23847	69740
23267	71456
23525	69415
23457	71637
23927	69802
24154	70057
23173	69046
23764	71943
26047	75370
24892	73022
25601	75004
25620	73583
25161	73225
26036	73918
24903	74426
25968	73852
25125	73202
25781	75150
25442	73438
24980	74489
25262	73309
25261	73308
25365	74821
24645	72818
25823	75190
25772	75142
25115	73190
25428	74868
25231	73273
24586	72768
24756	74298
25465	73455
24561	72746
25402	74848
25537	73502
26158	75453
25201	74685
25521	74942
26098	73960
24490	74091
25251	73299
25449	73442
24527	74122
24794	74327
25718	75087
25112	74607
25936	73830
25061	74560
25731	75103
24773	74318
25472	74903
25387	74838
25264	73310
25345	74799
25808	75175
24468	74074
24778	72921
25783	75152
25144	74635
26264	76270
26342	75634
26377	75670
26774	76028
26404	75695
26484	76472
26705	75978
26272	75574
26560	76556
26862	76101
26742	76007
26676	75947
26286	76288
26386	76385
26673	75943
26402	76398
26578	76572
26939	76887
26423	75709
26514	76499
26502	76490
26396	75690
26666	76641
26895	76126
26786	76746
26721	76689
26269	76274
26592	76583
26570	76563
26530	76519
26587	75869
26689	75961
26519	75813
26234	75538
26393	75687
26427	75716
26547	75834
26244	76257
26999	76218
4806	31163
6852	39915
5813	32076
4020	30489
6063	39264
3708	30245
3202	36853
414	34461
3077	36747
3674	37268
2929	29508
3283	29843
3811	30315
3381	37015
6225	39397
1765	35636
5146	38500
4375	30788
3258	29818
7101	40122
4600	31005
7620	40549
7474	33476
4435	37901
5785	39044
817	27747
1510	35417
1134	35092
5470	38775
7589	33570
6569	32700
3413	37047
6142	39332
2462	36248
5373	38706
6542	32678
1049	27949
6295	39453
4419	37888
1285	35238
4334	30757
5376	38709
6292	39451
7069	40099
5086	31409
2870	36592
4940	38328
5260	38606
7604	40529
3248	36889
1566	35464
7895	33836
6595	32729
7117	40129
7204	33253
7386	40352
1592	35483
2467	29094
7239	33275
7210	40195
1551	28381
7882	40787
6301	32480
536	34581
969	34972
5622	38912
3100	29665
3682	37276
672	27609
7893	33835
4333	30756
6893	32969
5438	38755
5972	39179
1795	35658
4119	37628
619	34649
1968	35822
4202	30662
2168	36000
8164	41016
6773	39850
3530	30075
7018	33079
1146	35107
5609	38902
2363	29014
4165	30626
2247	28920
6440	32599
7918	33861
5241	31549
5441	31737
3540	37161
5569	38864
6567	39683
2712	29310
6151	32358
2150	35984
4340	30763
7540	40482
2090	28784
8066	40934
7122	33172
644	27586
3567	30108
7046	33104
3556	37175
2974	29546
8002	40878
415	34462
2890	29470
1869	35726
1202	35162
7938	40833
6155	39342
7280	33317
2793	29389
4243	30690
8241	41090
7930	33869
4384	30795
4995	38381
5736	39005
7436	33450
948	34948
906	27832
4242	37743
2366	29017
7901	33845
6582	32716
900	27823
5748	39012
1850	28601
3679	37273
6368	32551
1420	28269
2454	36244
3681	30217
1014	35007
3646	30193
4801	31158
7257	33296
2307	36121
1314	28173
292	34372
2835	29428
2918	36626
6414	39545
3499	37130
4504	37959
7138	33190
7576	40504
2336	36140
3416	29981
2751	36495
2468	36252
398	34448
6474	39601
2496	29122
217	27207
4229	37729
1302	28160
1377	35315
6024	32259
290	34370
5872	32124
7632	33604
2020	35859
3059	29626
3884	30384
1083	35058
2779	29376
2209	36031
460	34505
721	34744
7566	40497
6017	39222
6133	32345
4247	30693
4420	30827
3230	29793
2049	28754
6248	39416
2925	36631
4437	37902
7172	33222
5570	31866
1159	28040
7082	40109
3916	30410
5334	31637
3675	30211
6693	32805
5183	31506
6726	39809
7720	40638
5195	38551
950	34951
55	34171
2226	28899
3974	37519
7509	40453
1611	35507
894	27817
17	34144
4148	30609
3636	30182
8135	40986
6853	32931
3650	30198
6065	32285
6362	39501
4973	31304
2865	36590
148	27154
7295	33329
1949	28679
6904	32976
7396	40361
7994	40875
725	34751
1059	35038
5731	31999
5212	31529
7060	40093
2982	29553
250	34334
479	34527
7219	40206
4138	37648
4403	30810
5357	31660
2509	29137
2157	35993
4579	38022
10546	43193
10109	46565
12324	48539
12212	48460
8334	45006
11648	44157
8309	41150
11054	43656
10601	43251
8450	41265
11057	47389
8406	41231
10258	42924
11977	44464
11852	44352
10265	46682
11338	43895
8290	44960
9623	42337
8482	41294
8748	41552
12354	48571
9814	46299
10263	46678
8331	41164
10129	46580
12407	44835
11426	47740
12523	44932
12051	48308
11558	47863
9235	41981
8281	41128
12425	48635
10560	43206
8466	41279
12286	48517
9928	46413
8961	45543
11567	44078
8918	41700
8942	41725
9470	42185
8770	45382
9458	45987
9973	46445
8728	41530
11102	43694
10879	47212
12163	48411
12409	44837
8798	45400
11378	47696
9042	41800
11725	48023
10687	43337
11527	47827
12194	48436
12327	48542
10970	47321
11587	47893
11017	43628
8681	45307
10874	47209
8601	45241
8469	45117
9662	46173
11122	47458
10653	43301
11767	48072
8774	45385
9646	42356
10019	42699
11010	43622
9335	42068
10495	46892
10707	43355
9077	45649
11232	47556
10487	46890
10032	42711
10321	46743
8313	41153
9289	42033
10911	47253
11220	43795
10485	46889
9786	42477
8887	45469
8488	45132
11389	47703
12089	48350
12353	48569
9297	42037
8648	45280
11115	43709
8829	41625
9533	42251
9772	46261
10205	46633
8535	45181
10364	43013
9026	45598
10524	46918
8266	41116
8502	45146
12381	44810
10147	46593
12340	44770
9181	41931
11819	44324
9096	45662
12176	48420
8907	41692
12449	44868
11226	43800
11910	44403
12237	44677
12142	48386
8963	41741
10527	46923
10743	47105
10218	46644
11700	44204
11535	44053
11132	47472
11731	48031
11480	44011
8863	45443
11647	47946
11707	48008
9835	46321
10877	47211
10616	43263
11657	47956
9451	45981
8857	41646
10043	46504
11191	43778
9939	42621
10077	42751
8398	45062
9794	46286
10811	43447
10864	43494
8571	41390
12465	44886
10386	43037
10993	47344
8967	41744
11976	48239
9282	42031
9705	42401
11941	44426
9819	46303
10293	46715
9813	42502
11468	44002
10678	43326
10136	46581
8633	45268
8343	45013
10865	43495
9857	42545
11382	43926
9049	45615
10656	43304
10479	46880
10421	46833
8687	45311
12008	48273
12165	44606
11047	43650
9299	45852
8953	41732
10770	47126
10458	46860
8993	41763
9496	46014
10423	46834
10254	42919
11281	47607
12238	44678
10459	43098
8903	45486
11427	47741
12492	48685
11646	47945
10170	42845
11726	48024
9104	41851
8361	41191
10858	47198
8935	45510
9186	45746
12029	44500
11294	47616
8420	45079
10780	47130
9437	45970
10468	46867
8553	41375
10442	43084
10592	46983
9964	42646
9242	41990
11094	47428
12398	44825
8315	41155
11419	47732
12112	48367
9256	42002
12002	44483
11202	47537
11098	43689
12308	48532
9336	42069
11096	43687
12053	44521
11308	47633
11968	48233
11128	47468
9619	46128
8744	41546
11371	47692
12435	44858
10153	42830
11734	48034
10823	43455
11911	48189
8949	45526
9521	46039
11479	47788
10187	42855
8538	45184
9526	46044
12067	44534
8712	41517
11282	47608
10976	47328
8473	45118
11235	43815
10701	47072
10733	43376
11967	48232
12080	48342
10869	47205
8548	41370
12235	48475
8326	41159
9759	46248
10166	46607
11909	48187
9635	42344
9729	46223
8602	45242
8943	45518
10452	46855
9697	42392
9074	41827
11487	47796
10574	43227
12134	44587
10315	42968
10636	43281
8363	41192
11134	47474
10111	42787
11832	44334
11296	47621
8707	41511
10068	42748
11783	48084
11778	48079
12266	44706
11450	43986
9327	45869
11672	47979
8529	41353
8924	41705
8540	45186
11806	44316
9006	45583
11496	47802
8474	45119
11315	47640
12106	48361
9056	45623
11671	47977
10273	42934
11641	47942
11376	43921
9269	45812
9626	46139
12199	48443
8930	41714
8695	41496
10645	47025
8307	44974
8456	41271
10380	43025
12488	44903
8817	41617
9016	41783
9388	42119
9283	45824
10456	43097
12355	48572
9476	42195
8259	44936
11372	47693
10798	47144
10301	46723
8389	41214
12387	48600
11991	48255
9996	46463
10071	46529
12484	44900
10476	43119
10693	43341
8364	45027
10846	43478
9558	42273
9810	42498
9949	46430
12204	48453
11238	47563
10753	43395
9440	45973
8567	45210
8489	45133
12326	44764
10997	43608
12319	44759
11784	48085
10225	42892
9277	45821
9230	41977
11705	44209
10705	43353
9938	46421
12494	48687
8925	41706
8990	45573
10223	42890
11259	47583
12254	44695
10593	43242
10848	43479
12351	44780
9161	45725
10289	46711
9782	42472
9197	45753
9393	45929
10439	43082
8926	41707
9720	46220
10194	46630
8585	41401
12321	44760
10280	46695
11188	43777
10936	47280
10356	43007
11906	48185
11544	47842
10383	43032
12520	44931
10243	46663
9045	45613
8786	45393
9271	42015
8920	45498
10960	47308
11048	47382
9754	42450
8328	41160
8804	41605
12145	48389
10034	42715
8670	45298
10544	46944
11928	44413
9118	41871
10513	46909
10488	43131
10082	46542
12249	44688
11472	47780
12477	48674
10335	42985
11961	44452
9217	41960
8705	41508
9565	42281
9229	45780
9681	42379
10497	46894
8583	41399
10689	43339
8694	45322
11709	48010
9055	45624
9988	46458
8669	41476
9763	46253
10179	46618
10252	42915
9143	41896
10101	42775
11894	48179
9215	45770
12361	44790
12515	44928
12289	44729
11485	47792
10152	42829
10004	42680
11949	44437
12229	44669
8283	44953
10853	43485
11831	48127
9716	42415
9260	45805
8791	41593
10054	46512
10208	46635
9717	42416
10898	47239
8704	45328
11349	43904
9409	42135
8494	41313
8813	41614
10598	43248
9396	42128
8525	45172
8642	41454
8835	41630
11640	44148
8518	45164
11083	47417
8950	41730
11355	47678
9993	42668
11900	44393
9202	45758
11518	44041
9970	42649
14459	54743
13281	53233
14898	51901
12704	48942
12736	52550
12995	49335
12777	52604
14353	54605
13920	50595
14225	50983
13394	53395
13202	53122
13557	53610
14923	51923
13789	53870
15089	55516
12983	49320
13504	50020
12647	48873
15101	55530
14743	51718
15117	55548
15057	52097
13541	50075
12707	52515
13431	53447
13656	50223
13325	49791
13811	53901
13526	53574
15003	55403
13906	54020
14360	54620
14704	51672
12650	52447
13884	53988
14699	51667
15165	55603
12635	52434
13765	50378
12761	52590
12793	49050
12922	49225
14909	55289
14935	51936
15122	55551
12595	48808
12977	49304
14826	51819
14441	54717
12541	52325
14337	51169
13489	50009
12942	49254
14358	51201
17517	57402
16753	56795
15828	56131
15418	55819
15811	58340
15809	56115
17987	57732
17733	57546
16826	59142
15937	56205
18143	57863
16416	58799
15257	55700
15592	58184
17917	57687
16963	56969
17367	59547
16596	56697
16763	56802
15334	55760
17346	59534
18157	60121
15953	58445
19167	61167
19472	61482
19399	61396
18907	62951
19415	61416
18809	60825
18684	60683
19322	61311
19612	63633
18405	62492
18271	62361
19557	61573
18682	60681
18873	60893
19385	63427
19508	63545
19479	63517
18259	60226
19087	61101
19453	61458
20028	64055
19105	61113
18311	60277
20009	62019
19027	61046
19638	63664
18456	60418
19795	63821
19997	64029
19370	61371
18870	60888
19339	61331
19650	61672
19918	63945
20153	62152
20070	64108
20117	62119
18505	60485
18650	62722
19377	61376
18653	62726
19908	61919
19395	61392
18306	62391
20157	64190
19537	61555
18764	62830
20150	64178
19477	61489
19752	61785
18749	60753
20064	64097
18618	62694
20083	62082
18201	62274
18866	62917
18840	60861
19560	63591
18191	60153
18972	63015
19245	63281
18589	60579
19112	63157
19785	61816
18229	62314
18351	62429
18780	62854
20100	62102
19562	63594
18702	60704
18582	60574
20049	64077
18792	62862
19380	63420
19152	63194
18767	62835
21835	65799
20457	64468
22152	66128
21597	67447
21418	67279
21145	67004
20514	66425
21023	66902
21914	67759
21043	66923
21208	67066
21361	65318
20440	66342
21627	65571
20333	64351
21573	67420
21824	67673
21164	67024
20432	66330
20279	64294
21288	67149
23670	69563
22219	70361
23430	71613
22711	68573
22517	70666
23552	69451
22982	68841
23836	69727
24377	70271
22481	70622
22742	68601
24270	72487
23873	69758
23951	72145
23610	69506
23321	69191
23736	71912
24034	69931
24282	70182
23603	69498
24016	72201
23821	69711
22708	68570
22508	70655
23794	71975
23404	71596
23881	72062
22884	68751
23837	69730
23118	71314
22358	70498
22304	70448
22523	70677
24132	70025
23344	69214
24101	72304
23728	69623
23070	71260
23166	69342
23069	68942
23290	71483
23681	71863
23204	69076
22571	68425
22772	70943
24205	72408
23104	71302
24382	70275
24102	70003
23038	71227
23156	71357
22632	70795
22198	68048
24131	72333
23955	69838
22332	68174
24375	72589
24348	70245
23534	71716
23302	69177
22980	68839
24362	70258
24291	72506
22628	70792
24187	70091
22222	70366
23437	71619
22504	70649
23779	69662
22604	70769
23890	69772
23159	71364
23806	69699
22594	70757
24090	72293
23384	69258
24197	72403
22533	68381
22670	68535
24004	69894
23984	72178
24317	70215
24341	72557
23235	69116
23002	71178
23481	69370
22390	70537
23237	69117
23306	69180
23898	72080
24223	72425
23043	68913
22870	71045
24047	69944
23973	72172
23113	68979
24084	69988
22306	68149
22671	68536
22859	68729
22954	71122
22226	68083
22753	68611
23165	71367
22309	68152
24078	72277
23850	69744
24281	70180
22899	71071
23378	69246
24035	72220
24222	70131
22462	68305
24424	72631
22234	68096
23596	71793
23781	71961
22290	70428
23062	71252
24064	69968
22494	70640
24242	72452
24013	72200
22316	68157
24262	72479
24202	70106
24332	72545
24339	70235
26080	73946
25532	74954
25790	75161
25397	74845
26136	73987
24831	72971
26048	75371
24805	74338
24577	72760
26186	74016
25833	75198
24501	72700
24875	74400
25092	74586
25969	75314
26021	75357
24592	72773
25214	74696
26192	74021
25478	73463
25923	73820
26205	75501
24951	73063
25797	75166
24881	73013
24924	73046
24898	74418
25093	74588
25595	73559
25017	73118
25507	74932
24499	72698
25056	74555
26207	75504
24450	74059
25219	74702
25548	74963
25143	74634
25001	73108
25596	73560
25575	73540
24957	73075
25578	74985
26054	73927
24868	74393
26076	75391
26089	75406
26149	73995
24538	74131
24824	74354
24626	72805
25626	75021
26115	75423
25861	73771
24922	73044
25204	74686
26088	75404
25552	73520
25238	74714
24620	72797
25917	73816
24601	74173
24867	74392
25422	74863
24734	72889
24506	74103
25075	74572
24708	72865
25006	73109
24488	72688
25301	73341
25881	75246
26099	73961
25128	74619
24487	74089
25557	74968
25698	73644
25430	73429
25619	73582
24990	74496
25982	75326
25141	74632
24829	74357
24457	72665
25895	73796
24638	74199
25643	73598
25767	73700
25140	73208
24856	72994
26872	76111
26593	75873
26571	75853
26652	75923
26460	76453
26452	75744
26307	76312
26586	75868
26915	76144
26890	76840
26904	76854
26625	75899
26820	76074
26930	76153
26488	75778
26802	76059
26420	75707
26297	76301
26248	75552
26601	75881
26728	75996
26776	76030
26262	75563
26497	76485
26350	76354
26382	75678
26898	76129
26661	75930
26614	75890
26538	75831
26558	75842
26793	76049
26364	76364
26752	76713
27011	76230
26223	76243
26227	75530
26472	76463
26517	76503
26829	76778
26959	76184
26641	76618
26694	75966
26324	75618
26974	76910
26368	76368
26539	76528
26536	75829
26957	76182
26730	76692
26750	76012
26654	76630
26859	76097
26385	76384
26474	75764
26596	75874
26653	75924
26465	76456
26285	75586
26476	76467
26495	76481
26969	76906
26369	75658
26482	75771
26506	76493
26704	75975
26448	76442
26436	75725
26919	76869
26345	75638
26224	75525
26837	76085
26784	76743
26598	75877
26466	76457
26813	76070
26995	76930
26693	76670
26445	75737
26792	76047
27009	76229
26230	75532
26521	76513
26960	76899
26879	76119
26528	76518
185	27181
5168	38527
321	27315
6638	32761
5932	39149
3102	29667
6772	32874
2674	36416
6791	32891
3218	29776
3032	36712
3365	29928
4631	31031
6335	32513
3685	37278
6200	32397
7522	40469
4352	37839
2592	29203
2337	36142
2790	29388
1956	35812
6377	39516
7734	40653
5461	38768
2641	36396
3375	37013
2008	28715
332	27326
3506	30058
1320	28179
4075	37596
3262	36904
303	27293
6121	32333
5336	38675
7113	33168
933	27849
8058	33967
4163	37667
1974	35828
1104	35072
4486	30884
8125	40979
4939	31274
6644	32768
430	34473
2507	29135
5108	38466
1691	28467
919	34923
480	34528
212	27203
5097	31421
7722	33698
5853	32114
3468	30027
7520	40468
6717	39804
141	34246
6479	32625
2079	28779
7237	40226
3308	29863
4244	37746
1745	35619
3042	36723
5208	38564
5411	31714
5865	32121
1764	28536
5854	39083
6404	32572
1440	35365
3215	36864
1751	35625
5810	39063
7043	33101
4077	30547
4228	37727
173	27173
7170	40172
6538	39656
2230	36055
1715	35600
369	34425
4061	30534
1499	35408
4494	30889
6709	32823
79	27096
4875	38274
7313	33340
4360	37844
6057	39259
3205	29766
1744	35618
941	34939
7767	40680
1532	28367
1647	28439
1220	28084
2345	29002
2836	29429
2500	29127
310	27301
3022	29593
3848	37409
201	34288
3472	37104
5465	31761
4069	37588
7293	40268
4616	31021
7105	33160
7874	33819
7418	40381
655	34677
4470	37937
1277	28131
6980	40027
5374	31677
4889	38284
1739	35611
6032	39233
6380	39519
7802	40711
4760	31131
5482	31781
4680	31067
7014	33073
4762	31133
7922	40821
6870	32949
6251	32437
4307	30739
2800	36541
2750	36493
2578	29191
2026	35865
7445	40401
50	27071
6862	32941
1581	28398
6371	39509
1707	28486
3523	30071
7485	40432
4814	38208
7748	40665
7601	33579
1173	35134
4726	38134
6860	39922
1670	28450
2543	36302
1177	35137
5070	31391
1813	28568
5450	38761
3706	30243
3323	29883
1113	27999
6516	39638
4223	30676
1542	35436
8045	40921
663	27597
365	34421
1253	35208
797	27731
7557	33547
4644	38068
4951	31286
5829	32089
8143	40993
2501	29129
5909	32149
2115	35947
6274	32457
4928	31260
1166	28046
899	27821
5774	39036
1160	35118
3711	37297
6187	39368
4921	31250
3160	29726
6106	39303
5818	32078
4064	30536
7781	40698
7630	40563
435	27417
997	27902
5255	38603
7463	40414
5764	32032
6238	32428
2035	28736
4098	37613
1547	35443
7646	33619
6494	39623
5156	38511
1416	35347
3533	30080
789	27725
1300	28159
6994	40041
5282	38631
1557	35453
1864	28612
496	34546
3261	36903
8054	40927
2192	28876
3058	29624
7537	33529
6254	32438
3459	30020
4854	31203
5770	32038
7017	33076
4643	31041
4266	37763
12069	44536
9487	42206
9723	42424
10618	46999
11688	44195
10942	47287
11565	47872
9817	42507
11609	47908
9751	42446
12499	48690
11470	47779
9401	45940
10443	46847
12169	44609
10699	43349
12396	48613
8574	41393
9665	46177
8394	41222
11050	47383
10979	47331
9596	46107
9127	45691
11771	44278
8783	41589
9930	42611
12318	44758
10758	43399
12187	48428
10684	43333
10630	43275
12313	48537
10900	43522
9553	46066
11801	44308
11246	43826
10341	46766
12064	44532
10345	46771
8785	41591
9037	41798
11499	44026
8845	45424
10996	43607
8936	45512
9607	46116
10771	43411
12450	44869
9257	42004
10260	46676
10802	47149
10349	46777
10688	43338
11682	47990
8640	45275
9673	42373
10041	46502
9106	41854
10815	43449
10363	43012
12052	48309
8493	45136
11280	43852
11150	47487
12256	44699
9172	45737
10670	47048
9491	42213
11327	43889
8828	41623
11140	47477
11145	47483
9457	45985
8915	45496
8429	41248
12359	44788
9832	42524
8668	45297
12154	48400
11520	47820
10667	43313
14614	51561
13017	52885
14942	51945
13831	50485
14035	54203
14528	51429
14381	51234
15092	52133
13689	50265
13641	50200
14292	51086
14368	54631
15228	55666
12649	48877
14148	50892
13462	53493
12968	52823
14805	55172
14420	54686
14086	54246
14856	55229
15188	55627
13997	50703
14442	51318
13023	52896
12653	48881
14085	54245
12728	52539
12566	48768
13008	49357
14298	54529
12675	52482
12915	52756
14582	54897
12887	49173
12634	48860
13596	53640
14405	51270
14814	51808
14426	54699
13509	50030
14413	51284
13382	49864
13115	49514
13197	53112
13185	53094
15063	55482
12873	52702
12620	48840
14784	51767
13809	50444
14094	50826
14773	51755
12697	48936
14197	50952
13721	50312
14374	51223
13444	53470
12732	52545
14555	54863
12918	52760
14280	54508
14399	54662
13179	49583
13616	53661
13905	54017
14683	55018
15076	52121
13555	50104
13231	53164
12574	52355
13927	54044
14953	55343
13732	53796
13637	50193
13707	53762
12860	52692
15051	52089
15137	52184
14537	54844
13361	49831
13784	53865
13030	49399
14433	51307
15233	55669
13902	50581
14594	51529
15204	52265
12559	52345
13392	49880
12891	52723
13124	53018
13660	53706
14770	51751
14057	50783
14435	54708
14020	54178
13255	49691
13908	54023
12552	48750
13497	53536
14252	51026
15088	55514
14474	51363
12621	48841
14436	51311
13877	50552
15194	52251
13673	50245
13215	49622
12622	48844
13722	50314
13108	52999
12765	49021
14724	55064
13010	49361
13750	50356
14452	51332
13128	53027
12893	52727
12853	49130
14902	55283
12867	52698
14070	50798
13790	50413
14675	51646
13369	49841
14285	51074
14924	51924
14228	50990
12540	52324
12674	52476
14102	54270
14817	55184
12535	52317
12657	52456
15134	52181
14278	54505
13923	50599
14865	51871
13703	50287
13533	50060
13078	49467
13863	50528
15218	52280
13341	49807
13747	50347
13674	50247
15168	52219
12591	52380
13983	50670
12644	52440
14562	54872
13523	50046
13774	53848
12913	52753
15125	52168
14714	55053
13373	53377
13126	49529
14505	51405
14577	51508
13026	49390
14527	51428
12567	48770
12898	52731
13821	50468
13626	50181
14440	54715
13234	49654
14348	51184
14161	50905
14672	51643
13675	53719
14622	54955
14361	54623
14588	51522
13298	53256
12610	48821
15074	52119
13895	54006
14964	51977
15011	52033
12605	52395
14415	54681
14558	51473
13535	50064
16563	56672
16294	58699
16499	58872
17062	57051
16064	56298
16885	59178
17310	59510
18156	57872
18096	60071
16247	58656
16507	58882
15629	55983
17695	59806
15520	58128
17734	59830
15924	56194
15947	56214
16768	59091
17495	59649
16699	56766
16800	59120
17827	59893
15489	55871
16742	59076
18178	60137
18068	57797
17412	57315
16278	58683
18079	57805
15438	58053
18176	60136
17230	57176
17381	59561
17852	59902
15895	58401
15744	56062
18043	57770
16658	56736
16569	56678
17635	59765
15622	55977
16598	58951
16982	56988
15243	57897
17665	59782
15466	58077
17063	57052
16705	59044
16210	58632
16257	58663
16250	58659
17127	57104
16472	58853
16972	59242
17022	59280
17982	59992
16437	58825
15313	57942
16733	59067
16752	56794
17307	57225
15299	57933
17689	59800
17791	57592
17139	59378
16341	56518
16941	56950
16277	58681
16347	58737
15307	55742
15536	55908
15922	58420
16020	56267
17206	59429
17134	57106
16964	56973
17204	57161
16420	58803
16082	56321
16546	56656
18185	57895
15457	55846
16647	56730
16527	56643
15709	56038
18108	57829
16900	59188
15283	57915
16897	56918
16837	59148
15921	58419
17716	59815
17104	59341
15794	56103
15846	58365
16975	56981
16599	56698
17981	59990
16473	56606
18168	57880
16470	56604
15829	58354
17705	59812
16652	56735
16651	56734
18375	60347
19899	63928
19722	63738
19090	63135
19766	61797
20203	62202
18884	60903
21608	67456
21255	65206
20646	66549
23275	69152
22943	71108
23041	68911
23172	69045
22868	71043
23895	72076
26064	73934
24826	74355
24540	72729
25255	74726
24828	72967
24456	74063
24999	74505
25555	73524
24573	74154
25563	73535
24654	72828
25415	73419
24719	72870
25885	75250
25356	74808
25683	73633
25959	75303
24973	73090
26094	75408
25868	73778
26738	76703
3695	30235
4344	37832
1068	35046
7743	33714
5751	32020
5119	31450
2580	36338
5663	31945
2194	28877
986	27894
6971	33035
990	27896
4072	37593
3298	36939
2802	29398
5218	38570
4743	38144
4065	37586
6871	39928
1818	28572
8246	34121
2368	36161
3768	37350
3579	37191
2223	36047
1213	35170
4171	30632
5082	31407
2334	28996
10217	46643
12082	48344
10541	46942
10228	46655
11643	44152
8868	45450
10582	46974
13160	49569
14032	54199
18677	60674
20144	62143
20166	62171
20764	64751
20941	66819
21071	65043
20733	66643
24106	72309
22570	70737
26483	75772
2303	36113
3954	37494
5473	38779
7290	40266
4195	30655
7049	40087
1002	27906
5171	38531
194	34281
4300	37789
5825	32085
2447	29081
4996	31327
5153	31476
1661	35554
1382	35320
2639	29248
5503	38806
6004	32239
8158	41008
5120	38481
4383	30794
3718	37302
1930	35784
2476	29103
3561	30104
3363	29920
2508	36279
6785	32885
5362	38696
4081	37598
1074	27971
5317	38662
8044	33956
7036	33095
8190	41041
5478	31776
4901	38301
1772	28544
4897	31231
2444	29079
6156	32362
16	27042
4495	37954
2853	29445
5047	31375
2257	36075
7981	33909
3003	36691
8818	45407
9986	46454
8325	44998
8713	45340
11077	43671
8636	41448
12209	48456
12911	52751
13014	49365
15209	55647
14048	54215
14547	54855
15113	52159
17318	57241
15559	55930
16751	59081
17128	59370
16242	58654
18011	60015
17774	59858
17553	59701
16128	56353
16117	56344
17915	59940
17444	59608
16494	58869
15344	55769
17187	57146
17403	57306
16482	56612
17046	59299
15503	58114
17932	57698
16999	59263
16400	56554
20076	62072
20102	64140
19534	61552
19432	63477
18819	60837
18896	62940
19471	63508
19241	61230
18438	60403
19576	61591
18856	60876
18247	60213
18564	62635
19962	63985
19137	63183
19366	63406
19542	63571
18723	60730
19289	63340
18323	62407
18714	62783
19563	63595
18726	62794
18402	62486
18667	60664
18568	60553
18678	60675
18737	60745
19334	63372
19449	63485
20209	64235
19015	61028
19284	61278
19772	63799
18698	60700
19780	63809
18922	60945
19096	63141
20063	62059
20244	64269
19435	61438
18270	62359
18277	62365
19827	61846
19606	63628
18333	62414
19783	61814
20012	62022
18710	60716
18553	62626
20018	64045
18223	62307
18891	60910
20095	62097
20050	62047
18615	60616
18607	60600
19528	61549
19604	61622
19160	61161
19717	61744
18740	62806
19804	63831
19203	63246
20217	64241
19590	63614
19260	63296
18279	62367
19853	61883
19348	63386
19716	63733
19767	63793
18362	60335
18842	62902
19712	61739
19331	63369
19904	61917
18312	62396
19330	61320
19462	61467
18561	60541
18599	62677
19902	61915
19038	63086
19232	63269
18424	62508
18478	60447
18246	60212
19050	63099
20081	62080
20106	64145
18569	62637
18498	60474
19816	63842
18320	60294
18267	62356
18923	60946
18920	60943
19694	61723
19233	63270
18772	62843
19591	63616
18783	62856
18570	60558
20108	64147
19375	63413
19276	63323
18298	60266
20229	62229
18610	60607
20123	64159
18540	60522
19945	61960
18580	60567
18546	62623
20267	66165
21804	65765
22184	66151
20710	64695
20849	64836
21058	65031
20993	66871
21698	67553
21137	66999
20915	64903
20783	66687
21562	65512
20459	66367
20294	66189
20571	64565
20316	66212
20848	66740
20981	66856
21644	67492
20879	66766
21801	65762
21596	65545
21108	66974
22023	67878
20358	64373
20728	64714
20623	66526
20990	66868
21286	67143
20472	66378
20833	64819
20499	64505
20825	64810
21803	65764
21339	65298
21166	67026
21214	67073
20954	66834
22163	66137
22052	67910
22098	66063
20393	66294
20366	64384
21866	67710
22131	66094
20658	66564
21480	65430
20992	66870
21912	67758
20389	64408
20480	64492
21717	67566
20615	66516
21318	67183
20531	66444
20565	64557
21301	67162
22175	66144
20898	64887
21915	65886
21508	67363
20819	64802
21647	65595
20807	66706
21243	65195
20838	64827
20275	66173
20381	66286
20575	64571
21307	67167
21991	67838
20336	66234
21244	67108
20405	66307
21760	65712
21414	67274
21212	67071
20687	66601
20539	64541
21570	65518
20647	66551
20828	66721
21117	65090
21923	65896
21366	65328
20671	64658
20463	66371
21911	67756
21539	65491
21551	67402
20719	66627
22031	65998
21553	65505
21531	67383
20577	64573
21165	67025
21150	67009
21354	67212
22174	68032
20315	66210
21908	65876
21920	65893
22047	66013
20302	66198
22007	65977
21622	65567
20862	64850
20641	64628
21319	67185
21893	67737
21041	66921
21447	67304
20945	66822
20349	64366
21917	67763
21436	67293
20570	64564
20676	66588
20809	64793
21246	67110
20494	66403
21859	67707
21628	67477
21396	67255
20859	66746
21530	65476
21601	65550
20649	64632
21729	67575
21239	65190
21691	67546
22122	67989
21415	67275
21074	66945
21162	65123
20923	64909
21620	65564
22141	66111
20394	64412
22003	65973
21151	65115
21062	66935
20606	66506
20310	64331
21053	65025
20712	64698
21426	65389
20672	66578
21102	65079
21795	65756
21532	65479
22080	66043
20660	64640
21514	65462
21574	67421
21802	65763
21497	67355
20902	64891
21697	67552
21496	65444
20758	66672
20663	66570
20395	64413
20451	66357
21813	67658
20956	64935
20324	66223
20323	66221
21129	65098
20791	64786
21862	65825
20644	64630
20303	64326
21051	65024
20867	64857
21390	65359
20680	66591
20745	66659
23012	71187
23318	69188
22615	70782
23342	69210
23456	71636
23533	71715
23360	71552
24418	72623
22876	71049
24245	70145
22874	71047
23211	71405
23071	71261
23153	69022
24293	70191
23102	68969
23634	71828
23188	69062
23124	68994
22287	70424
23247	71437
23498	69391
23762	71941
22885	68752
23676	69567
22951	68814
24363	70259
23877	72058
23452	71634
23261	71451
23273	69148
22613	68476
24421	72627
23738	71913
23918	69798
23870	72049
22415	70565
24296	70193
22949	68812
23658	71843
23190	69064
23963	72168
22992	68857
22791	70966
22766	68625
22720	70894
22220	70363
22841	71013
22972	68828
23653	71839
23490	69378
23542	69437
23818	69707
24340	70239
23785	71969
23093	71283
22215	68067
23949	72138
24257	70163
23434	71617
24196	72399
22495	70641
22426	68267
24324	72540
22267	68123
22647	68506
22939	71104
22629	68490
25058	74558
25357	74810
25960	73849
25565	73536
25945	73839
24755	72901
25735	75106
25566	73537
24535	74128
24879	74403
26620	75894
26985	76209
26479	75769
5927	39146
3771	37353
7644	33617
72	34181
3212	29772
6902	39957
1994	35842
2917	36625
4659	31049
7581	33564
8296	41140
10214	42884
9021	45591
10195	42865