6731	39790
12478	48673
12816	49122
17417	59570
18688	60625
348	34295
7047	32924
3701	37274
11255	47603
8625	41422
8575	45241
10601	47039
9920	42554
9783	42427
9228	45829
14447	51221
14039	50723
13448	53328
15113	52035
12708	52407
17881	57720
18051	60048
16132	58617
15999	58515
18005	60014
18963	62963
19899	63901
21110	66982
21239	67102
21577	67433
23616	69537
22844	68727
25423	74883
25841	73767
24887	72984
26398	75657
26680	75917
26253	75547
26383	76385
26432	75685
3924	30293
5609	31673
171	27185
3511	29932
4105	37606
2250	28891
4570	30806
3117	36761
5962	31987
1203	28019
5077	31220
4263	37735
5976	39165
5644	31704
8101	33871
6399	32341
5946	31973
5480	31569
5739	38953
7240	40250
1534	35347
4223	37708
2885	29421
5714	31759
3059	36718
7003	32883
6828	39867
5767	38977
796	27683
430	34368
7106	40132
5709	38932
1205	35064
963	27824
5751	38962
2822	36486
1551	35361
9632	42290
8792	41562
11453	43953
11877	44335
11592	47896
9743	46299
8899	45544
8752	45405
9845	42483
11463	47777
10512	46965
10059	46558
9616	42273
10460	46925
10117	46613
8971	45613
10483	43060
10417	43001
12516	44923
10113	42722
11942	44391
10808	43367
9168	41885
10675	47095
9557	46104
8674	45332
11646	44121
10205	46696
12202	44639
10763	47169
9173	41892
8334	45006
15047	55425
14244	50979
14720	51575
15060	51970
12843	52560
14316	54452
14878	51753
12885	49215
15077	51991
14749	55032
14460	54635
14100	50792
13111	52895
14963	55317
14917	51815
14171	54245
13722	50315
13272	53107
13108	52887
14890	51763
13280	53121
14280	54399
13548	53452
12770	52482
15095	55488
15396	55811
18059	57862
17726	57593
15368	55789
15516	55892
17002	59258
15285	57984
15718	56061
17858	57707
18045	57853
17578	57479
17537	57452
15790	56130
17814	59872
17474	59615
17525	59657
15422	55833
16837	59142
19477	63492
20207	62116
19379	63399
18197	60153
19254	61165
18472	60429
19865	61778
18575	60523
19421	63437
18639	60575
20196	64214
20005	64016
18207	60161
18847	62848
20049	61958
20184	62091
20041	64052
22112	66083
20722	66600
22167	68022
20771	64801
20616	66501
21490	67342
21899	67772
20818	66681
21718	67576
20647	64678
20301	64316
21835	65810
21319	65286
20865	64866
21509	67360
20466	66349
21690	67547
21778	65754
20448	66337
20573	64603
21140	67012
21302	65269
20859	66718
21630	65606
21166	65132
21497	65472
22228	70455
22511	68369
23729	69655
23725	69652
24102	70072
23581	71750
23472	71642
22692	70889
23776	71955
23059	71220
23248	71406
22231	70460
24244	72450
22658	68531
24185	72388
22449	70672
24178	72381
23991	72197
22549	70761
23746	69676
22409	68277
23066	68948
22908	71075
22519	68376
23276	71442
22866	71044
22253	70484
24089	72312
23343	69235
23036	71197
24404	72615
23926	69872
25092	73144
25429	73427
26053	73939
24861	74415
24669	74257
25688	75092
24549	74152
26007	73906
25339	73359
25807	75181
25159	74664
25283	73324
24732	72856
25110	73163
24973	74501
26095	75431
25091	73143
25814	73733
24878	74425
24672	72816
25990	73888
25930	73840
25028	74554
24723	74298
25163	73217
26190	74051
25299	73338
25771	73698
24496	74118
26191	75502
24452	72661
26541	75793
26332	75606
26592	75840
27013	76938
26733	76695
26461	75717
26377	76379
26370	75639
26228	76235
26384	75648
26371	76374
26309	75581
26552	76519
26318	75591
26311	76313
26330	76333
26351	75623
26665	76630
26310	75582
26562	76537
26463	75719
26514	75762
26604	75849
26265	75556
26471	75728
355	34298
3138	36780
4408	37843
4722	38111
5396	31490
3700	30106
748	34654
5492	38754
5927	39122
2534	29123
3540	29968
317	34272
6545	39644
2633	29211
479	34407
1627	35421
1196	28012
4880	38254
7807	40727
4536	30778
4541	37957
3034	29544
4186	30487
5489	38749
3229	29717
365	27318
1282	35127
8135	40993
1135	34999
2159	28805
6400	32343
4578	30814
3892	30270
632	27532
5255	31371
4860	31046
4752	30969
5955	31979
358	27314
7768	33585
7745	33557
5458	38727
7288	40286
6577	32521
6189	32184
3055	36714
6302	39441
5121	38447
1009	27851
936	27802
6505	32445
7799	33608
7924	40815
4002	37509
1355	28141
1560	28308
2698	29266
1828	35635
4558	30797
2740	29310
7801	33611
475	34405
5819	39034
1954	35738
2612	29198
7939	40826
7565	33392
4777	38154
3423	29870
6739	39794
2294	36046
3305	36946
2624	29206
1163	35028
1126	34990
1893	28581
1895	35689
6235	39385
4664	38061
3518	29941
838	27719
3074	29581
1707	28447
4241	30534
2358	36101
1682	35476
6479	32422
994	27841
2961	29478
557	34484
1041	27885
3008	36666
4705	30915
6624	32565
6324	32290
5674	31728
5944	39139
7904	33693
2072	35840
4094	37592
1048	27896
3984	30323
6419	39547
2953	36620
6008	39195
733	34638
7429	33254
4488	37918
6486	39597
905	27776
6207	39365
1953	28636
5281	38579
5723	31770
5200	38505
3425	37046
7571	40537
7668	33478
6959	32847
1125	27953
1565	28311
7496	40481
6445	32386
4097	37595
7812	40731
4931	38294
870	27745
7388	33228
148	27159
3621	37210
719	34625
7227	40236
2427	29040
2397	36131
7797	40723
1091	34961
3806	37356
3741	37303
5886	39087
2278	28912
6287	39425
10465	43040
10078	46577
12214	44648
8821	45473
11208	47558
9636	46186
9554	46103
9580	42240
12127	44573
12103	48318
11649	44124
10199	46690
12341	48554
11071	43626
8614	45282
10291	42871
8411	41229
12248	48453
11070	47427
11123	47479
9765	46320
11875	44334
9035	41757
8328	41162
9409	45977
10178	42773
11289	47632
9292	41994
9912	46439
9031	45669
11543	44027
11254	47602
11286	43825
10940	47316
8827	41590
8991	41717
10100	46597
10376	42961
8926	45569
12347	48563
8679	41458
11301	43834
9402	42085
10079	46578
9214	41927
8807	45460
8603	45271
10445	46913
10755	43321
8605	41407
11193	48711
8342	45017
9530	46080
9270	45860
10495	43071
11262	47610
12065	44513
10156	42758
12392	48598
9219	41930
9509	42182
8822	45474
12148	48354
9690	42351
11496	47806
9960	42588
9708	42364
8327	41161
8693	41470
8488	45161
12039	44494
9420	45989
8388	45051
9575	42233
9159	41876
9508	46063
8427	45097
10066	42684
9325	42016
9110	41827
11200	43746
10742	43307
9436	46005
8720	41490
8682	41461
11685	44157
9245	45840
12166	48368
11830	48093
9424	45993
9280	41985
8398	45062
11113	47465
8627	41423
11546	44032
11821	44287
12100	44539
12304	48519
11894	44352
11847	44308
10585	43167
12333	48546
10201	46693
9385	45961
11735	48020
8985	41710
11643	47939
12136	44584
8874	45518
8553	45218
10479	43055
10811	47219
8347	41178
10375	42959
8377	41201
11050	47409
10044	46549
12115	44559
11106	47458
10720	43283
11584	47889
9634	42293
12433	48632
11376	47703
9258	45848
10990	43542
12020	48250
9080	45714
8309	44975
12199	48405
10340	42917
12363	48578
8755	41526
11075	47432
9915	42550
9677	46226
9839	42478
11049	43607
8639	41429
8826	41588
8409	41228
9414	42093
10845	43400
11866	48125
10373	46849
9707	46268
8335	45007
11708	44182
12356	48573
12051	44505
8440	41253
11797	48069
11471	43967
8343	41176
10678	43241
11223	43767
11717	44188
10476	46936
11881	44339
8514	45178
12034	48265
11339	47673
8264	44936
10408	42993
9349	42038
8429	41244
8380	41203
10407	42991
10354	46831
11994	48235
11663	47958
9971	42595
10300	46781
10038	46544
11815	44280
11925	44379
10874	43430
9183	45790
9267	41973
11759	48037
11149	43700
11382	47707
9082	41807
11492	43981
12300	44726
8353	45024
11545	44028
11024	47388
11688	47980
9142	45755
12290	48504
8803	45456
10061	42680
9694	46248
9820	46365
10388	46864
11932	44387
8898	45543
9473	42148
10423	46891
11314	43844
9356	45938
8859	45508
12348	48565
11357	47686
12145	48352
9043	45680
12217	48419
11530	44013
9762	46317
11102	43658
11831	48095
8493	41293
8361	41188
9660	46204
10737	43299
11214	47563
11248	43791
9030	41751
10896	43457
10413	42995
8261	44934
11677	44149
9655	46200
9001	45646
9990	46492
12018	44473
12511	48701
9089	45721
11696	44168
12360	44770
10917	43476
11039	47400
11897	48155
10949	47325
12019	44476
9119	45743
8659	45316
9445	46013
12355	44766
9174	41893
10965	47340
10243	46733
11185	47539
8770	41537
8980	41705
12175	48377
10469	43043
11137	47494
9613	46166
12444	44862
8460	41269
9940	42570
9810	42445
10711	43273
8675	41456
9304	42003
10307	42886
9984	42606
11464	43963
9629	42288
11587	44073
8778	41546
9190	45796
9464	46031
9095	41815
11533	47842
11827	44291
8688	41466
11076	47433
9603	42263
9131	45748
8628	45291
8477	41280
8793	45450
10135	46635
8882	45527
10612	43186
11415	43921
12377	44785
9949	46467
9995	46499
10437	46907
10593	47031
8491	45163
9847	42487
9809	46355
9357	45939
8635	45299
8891	45538
10832	47233
10484	43062
9891	42525
8432	41245
12399	48604
10851	43406
8535	41341
12195	48400
9501	42175
10231	42821
8818	41583
13907	53908
14486	51272
13770	50371
13670	53604
12531	48724
14640	51469
14343	54479
13996	54016
13731	53680
13093	52869
14629	54864
13042	49404
13384	53257
14048	54078
14229	54316
13938	53948
14925	55275
13534	50068
15186	52116
13359	49825
14052	54087
13808	50420
14523	54717
14372	54515
14437	54600
14468	51238
14433	54589
14943	51839
12558	48751
14188	50895
13949	50624
13225	49668
14351	51102
13966	50639
13319	49781
14263	54365
14889	55230
12876	52610
16003	58517
17128	57119
16288	58733
16089	58580
17890	57729
17684	57558
16407	58826
15706	56050
17377	59542
17050	59292
18046	57854
18767	62755
19977	61886
18763	62751
19774	63777
18437	62431
19067	60985
18278	62271
18890	60821
20203	62112
19689	63691
18570	62571
18342	60296
18587	62587
18990	62993
18661	62651
19327	61251
19309	63326
19298	63306
18808	60746
19845	61758
20247	64269
20051	61960
18908	62908
18465	60414
19599	61534
18205	62188
19612	63621
20016	64030
18797	62793
18287	60247
18925	62932
19656	63658
18997	60930
19148	61066
19678	63679
18296	60254
18444	62437
18960	60895
19073	63078
18717	60650
20254	64277
19001	63002
18771	60704
18464	60412
19602	63610
18962	62962
19946	61849
19348	61275
18351	62335
18918	62921
20161	62071
19276	63283
19085	63091
18734	62724
20338	64358
21515	67367
21686	65672
20603	66485
21507	65486
20700	64745
20776	64804
20446	66336
21868	65834
22075	67939
20932	66786
20811	66676
21946	65909
20944	66793
21235	65216
22721	70916
22799	68680
23731	71908
22934	68828
22755	68632
23129	71295
24069	72295
24317	70276
23578	71747
23586	69505
24079	72304
23625	69546
23862	72048
24086	70055
23695	71878
22428	70654
23816	69743
22483	68345
22703	68578
23659	69577
23919	69867
23869	69804
23847	69774
23636	71814
24286	72499
23958	72162
22393	68253
23149	71314
23922	72115
23323	69214
23997	72200
22642	70840
22608	68473
23182	69075
23500	71673
22593	68458
23460	69366
24232	70200
22846	71025
23367	71530
23970	69923
23874	72058
23456	69361
24143	70112
23116	71278
23021	71181
23568	71737
23564	71733
23699	69626
24191	70160
24417	72631
23683	69606
24394	70353
23931	72125
23463	69369
23479	71647
22749	68624
23687	69611
23080	71237
24289	70241
23403	71582
24193	70165
24061	70025
24000	72202
23705	71889
22892	71061
22267	70498
22922	68817
24214	70179
24816	72920
24922	73018
24897	72992
25361	73372
24860	74414
25857	73781
25207	73252
25984	73885
24762	72875
25016	74544
24924	73019
25338	74803
25055	73117
25711	73650
25855	73780
24748	74321
24550	72736
25837	73761
25183	74690
24586	72767
25082	74607
25416	74875
24494	74115
24873	72974
25929	75289
26134	75459
24618	74216
25320	73347
24639	72795
24864	72967
25853	75222
25336	74801
25256	73291
24963	73040
25887	75254
25590	73547
24670	74258
25372	73382
25759	75146
26140	75463
25186	74692
25507	74954
25255	73290
25172	73222
24552	72738
26009	73907
24868	72971
24768	74335
25474	73471
24685	72829
25332	73358
24830	72932
24621	74218
25779	73704
26366	75633
26688	76650
26256	75551
26976	76902
26500	75749
26248	75542
26458	76445
26970	76187
26711	76674
27020	76945
26495	75746
26497	76479
26924	76151
26357	76365
26259	75553
26826	76764
26712	75942
26465	75720
26853	76083
26312	75584
26937	76862
26460	75716
26936	76162
26770	76001
26669	76635
26683	75920
26595	75842
26764	76719
26748	76703
26467	75721
26850	76077
26668	76634
26738	75972
26999	76927
26799	76744
26774	76005
26447	75704
26504	76483
26981	76198
26977	76903
26416	76407
26728	76689
27018	76222
26966	76893
26677	75914
26261	76261
26803	76039
26623	75868
26296	76294
26996	76924
26559	75812
26973	76190
26903	76125
26753	75983
1787	35595
7715	40660
4387	30661
3421	29868
3222	29710
4022	37529
5866	31894
8085	40960
7249	40254
3515	29935
4780	30992
2206	35970
7486	33322
2058	28719
3187	36830
2231	28873
5966	31992
4095	37593
3479	29912
7086	40109
982	34845
2158	35923
3609	30022
7412	40406
5794	39016
6714	32638
3356	29816
2963	36631
360	34305
7809	33618
1839	35642
3965	37481
1435	28205
2477	29078
1750	35558
5933	39129
5666	31719
6144	39312
2537	36234
1081	34950
4038	37544
6679	32606
28	27056
3849	37389
1520	35339
1938	28624
2178	35937
7736	33544
2097	35865
4457	37886
781	34682
1068	27911
2805	29358
4150	37644
7257	33114
4076	37577
916	34789
6139	39305
273	27255
6283	32253
2947	36613
8084	40959
607	34529
7743	40681
1023	34882
7344	33182
3203	29695
2161	35927
4751	30968
8233	41081
5604	38852
149	34108
7901	40802
2632	36316
1334	28124
1054	34917
1786	28495
7070	40094
98	34073
8235	33974
7266	40267
437	34374
6228	39380
6093	39269
481	34413
2446	36167
5166	31290
7659	40618
5266	31376
599	27501
4243	37719
4537	37955
3675	37247
4676	38070
2883	36548
6127	32132
6547	32488
540	34467
2663	29243
4822	38199
1939	28625
4904	38274
2750	29318
7284	33136
5845	31876
553	34478
336	27299
4379	37816
7569	33394
5835	31865
4734	38119
6133	39297
3603	37197
5813	39029
6790	39835
3497	37117
5719	31764
1010	27852
4547	37961
3994	30331
6757	39803
5733	38949
2323	36068
6890	39920
6762	39810
2184	28835
1376	28159
1980	35764
2842	29378
7023	40046
7122	32995
7972	33755
4284	37751
7401	40393
5641	31702
5649	38884
4774	30989
2683	29257
7544	33376
7968	33753
7800	33610
11900	48157
10193	42787
11127	47487
8428	41243
11194	47546
11393	47714
9474	46040
12359	44767
10999	43552
8298	44968
8919	45559
11317	47655
8636	45300
9045	45682
9161	45773
12147	44594
10457	43032
12138	44585
10890	43447
11633	44109
12231	48439
10520	43094
10405	42990
9842	46385
11473	43970
12443	48638
10389	42968
9983	42605
12225	48430
8819	41584
11332	43859
8611	45278
10349	46827
8796	41565
8702	45362
9837	46378
8871	45515
12271	44693
10157	42759
9005	45650
10496	43073
11597	44082
9749	46305
12194	48398
12504	48695
9788	46337
8828	45479
9605	46156
10703	43265
11806	44269
8718	45377
11134	43691
9834	46377
13143	49546
12761	52476
13858	50494
14298	54430
13325	53176
14546	54754
14797	51662
14160	50869
12683	52369
14779	51648
14595	54821
14819	51687
13958	53972
13400	53277
14250	54347
12733	49008
12655	52334
12913	49247
14360	51117
12700	52395
14509	54699
14412	54558
14108	50802
13080	49455
13799	53770
14745	51614
12551	52203
13994	50668
14551	51361
13959	53973
13032	49379
13739	50331
15033	51930
13205	49642
14045	50727
14511	54702
14520	51311
15090	52005
13951	50627
14983	55344
12845	49169
14885	55224
13868	50508
14641	54878
12652	48895
13516	50038
13033	52782
13592	53499
13776	50377
15173	52103
14144	50859
13422	53302
15069	55455
14685	54952
13457	53339
13333	49801
12905	49239
13179	49602
13252	49702
13610	50159
12627	48865
14462	51232
12969	52712
13612	50162
13998	54023
13037	49393
14980	51869
14762	51634
12836	52555
14320	54455
14810	55124
14476	54652
12735	49010
14428	54585
13977	50644
14190	54269
13383	49854
15010	51901
12856	49184
14119	54173
13993	50667
13089	49469
14228	50951
13263	53098
12811	49115
13819	53791
13192	52996
13392	49871
12533	48725
12532	52187
13060	49418
13790	50394
13986	50657
15063	55445
14939	55288
14698	51557
13943	50618
15081	51994
15104	55501
12547	52201
14089	54129
13806	53778
13632	53557
15168	52095
15235	55682
13081	49456
13707	53645
12581	48781
12915	52652
14150	54219
12572	52224
14826	51698
14866	51740
13912	50574
14633	51460
13621	50174
12929	52672
12677	52362
14152	54223
17553	57461
15387	55804
16219	58679
16560	56676
15629	58244
16084	56340
17529	57442
15743	58320
17574	57474
16478	56614
15929	58467
17871	57717
17336	57285
15921	56223
16041	58547
15451	58103
15418	55829
17627	57518
16339	58776
15663	56013
16978	59244
16991	59251
15572	55937
15975	56257
16925	56970
17803	59865
17931	59960
15323	55747
15683	58278
16801	56863
17924	57751
17508	59639
18083	57881
17446	59589
18067	57867
15989	58510
17460	57382
17216	57184
16791	59109
15467	58116
16695	59044
18092	60074
17420	57353
16098	56349
17895	59925
17538	57454
18048	60046
17408	59562
17771	59838
16594	56702
15312	58004
16314	58758
16411	58833
17207	57176
17842	57687
15521	55897
17634	59739
16063	58567
19045	60968
20231	62138
18576	62573
20784	64810
21949	65912
22040	67907
23322	69213
22521	70730
24287	72501
24382	70340
25606	73564
26019	73916
25512	74958
25816	73739
25479	73476
25579	73540
25903	75266
25938	75299
25033	74560
26129	74003
26100	75436
25449	74904
25436	74894
26338	75610
6900	39930
3316	36953
6724	39782
1237	28046
3640	37221
8	27033
2298	28924
6355	39488
6581	32525
7971	40855
2370	36109
3542	37153
2984	29503
843	34734
4468	37901
6170	32169
3412	37039
3297	36939
836	34728
1911	28598
45	34036
793	27680
6437	39564
868	27744
6718	32642
12286	48498
11499	47808
9503	42179
12280	48487
10974	47350
12713	48983
19143	61059
22146	68005
21767	65745
20623	64651
23049	68930
1668	28404
7817	33629
7874	40780
1251	28058
5383	31480
5653	31708
2011	28685
631	27531
1134	34998
1050	27897
212	34165
4367	37803
6470	32411
8004	40890
5591	31660
7088	40112
3450	37063
7699	33501
7234	40244
7192	33056
4869	38245
3140	36781
4310	30597
6752	32680
5503	31588
8154	41016
689	27580
6375	39502
2675	29254
5830	31860
494	34423
5018	31167
5002	31149
10827	47230
11772	44231
8314	44981
8760	45414
14132	50841
15002	51893
15305	57997
16267	58713
16004	58518
16910	59192
15250	57957
16286	56480
15782	58350
17440	57370
16211	56428
15520	55896
15431	55842
16236	58690
20253	62157
20132	62045
19746	63753
20236	64254
19734	61669
19784	61706
18461	62449
19112	61028
19748	61679
19680	63684
19009	63008
18554	60505
18349	60301
19330	61256
19311	61236
18534	60482
18646	62640
19399	61322
19336	63354
18466	60416
19647	61580
19780	63785
18453	60400
19361	63387
19431	63451
19199	61113
18603	60548
18335	60288
18875	60806
19412	61336
19283	63290
19930	63929
19642	61576
19134	63136
18203	60158
19172	63171
19819	63827
19044	63050
19898	63899
19585	61522
19607	61543
19329	63350
18359	62347
19669	61609
19570	61511
18596	62595
18551	62552
18731	62719
19843	61754
19124	63125
18389	62381
18397	60349
18391	62383
18735	60664
19664	63667
18878	60810
18777	60715
18746	60680
19557	63565
19764	63771
18595	62594
18430	62422
18357	60308
19462	63475
19793	63799
18966	60899
19006	63005
18321	62309
18381	62371
18260	60217
20817	66680
21234	65215
21752	65728
21652	67506
21661	67516
21051	66916
21985	65950
21046	65033
21538	65524
21424	65393
21817	67685
21229	67091
21665	67519
20899	66751
20290	64305
21872	67746
21867	65833
21107	66978
21423	67278
21886	65851
21919	67789
22122	67983
22009	67869
21830	65806
21121	65098
21460	67308
22179	68028
21058	66921
20778	66646
20527	66397
22079	67947
20354	64372
21901	67774
21444	65417
21771	65747
20596	66479
20310	66204
21489	67339
21143	67016
22136	66103
21436	65408
20615	64638
21809	65781
21563	65549
20712	66590
21603	65587
21645	65628
21134	67005
21777	67642
22101	66072
20957	64946
21212	67082
21336	67184
22123	66088
21570	65556
20812	66677
20300	64315
20834	64850
21857	67726
22087	67954
20504	66381
20547	66420
20453	66342
20549	64588
21312	65282
20430	64469
20487	64524
20747	64778
21859	67731
21583	67440
20861	66721
21136	67007
20341	66222
21104	65085
20898	64897
20678	64717
21124	65101
20309	66203
20483	64519
21676	65658
21619	67477
22147	66118
21883	65846
22138	66105
20854	66710
21408	67261
21146	65117
21576	65564
20706	66584
21669	65651
20388	66275
20968	64954
21291	65258
21098	65078
21180	67054
20608	64634
20363	66248
20757	66629
20414	66295
20751	66624
21737	65710
20702	64746
21281	67139
20780	64806
21508	67357
22121	67982
20458	64492
20379	66266
20605	66488
21095	65075
20748	64779
22156	66127
20982	66834
20260	64286
21953	67824
20884	66740
22065	67934
21891	65860
23216	71375
23250	71410
23102	68998
22708	68583
22595	70798
22197	68044
23855	69785
23785	71964
22306	70544
22873	68763
23497	71665
22634	70832
24326	72533
24406	70371
22539	68395
24323	72530
23735	69665
22286	68136
23379	69280
23619	69541
23538	71709
23118	69009
24355	72562
22221	68065
24028	72241
23016	68908
23790	71977
23265	71430
23925	72118
22826	68713
24366	70324
24426	72640
24431	70397
22803	70979
22923	68818
22455	70677
24049	70013
22696	70893
22219	70445
24231	70199
24054	72280
22921	68816
24479	72681
25438	73436
24662	74253
24528	72721
26076	73960
24865	74417
25431	73431
26540	75792
1859	35658
4516	30766
5775	31812
7609	33427
10123	42729
12249	48454
11348	47678
10789	43348