2183	25270
5322	34153
5691	34602
7367	45050
8402	46105
296	19775
1371	13810
2448	18404
3120	22754
4223	33083
3809	26902
5230	32208
3772	30721
3682	32519
4053	32875
4966	28034
4841	27907
4338	31309
5758	39823
6743	35906
5973	36701
5548	36203
6291	35374
6325	38808
6680	37515
6086	38501
5583	37887
7751	43200
6819	41178
7884	45528
6844	44585
7033	44743
7494	44097
7394	43995
7855	45494
8635	48443
8565	49381
8607	46336
8493	48261
9750	51528
9126	50024
9746	52462
8871	52582
9206	52913
11156	56974
10487	55262
10196	55017
10601	54207
10157	56132
11273	60363
11506	58359
11715	59247
11550	59109
11629	58464
11649	59926
12268	61137
12139	61397
12368	62310
12131	61027
12254	61865
12355	61594
12297	61165
12411	62347
3302	15773
74	12573
2948	22608
2852	25979
1231	17153
590	13032
2035	21608
150	12665
1028	24115
2666	25796
2949	15412
3450	23086
1930	14371
359	16286
2643	22241
1523	17467
2355	18321
520	16456
1057	13499
794	16700
830	20296
102	23215
1538	24645
1258	17184
3365	19351
1883	17821
1510	17453
1133	17049
1048	20527
1334	24433
638	13088
2609	25730
1323	20827
616	13065
58	23188
2454	14901
1312	17239
2602	22198
2410	18363
2261	25347
2	23133
2383	21970
1360	24457
856	16761
707	13163
2993	18966
373	19848
2504	25612
1162	13616
1308	24412
1488	20989
1058	20544
844	13304
506	19971
1343	24442
2380	21966
1338	20841
2710	22326
4683	27770
4768	33611
3970	27042
4394	29433
4767	29815
4514	33376
4795	31779
4044	31024
3930	30885
4273	31254
4899	27963
5076	33897
4400	33257
5149	32125
3603	32445
5093	32038
4436	33300
4088	32918
4668	27753
5222	30258
3561	32405
5133	32093
4670	33527
4100	31093
3578	28540
4487	27568
3531	28481
5356	30403
5131	28202
4830	29871
4579	31536
3880	32720
4210	31205
3856	28847
3842	32684
4279	27365
3748	32575
4618	31584
3854	30812
4566	29601
5192	32176
5069	30119
3816	32649
3505	30408
4432	27507
4284	27372
3572	30486
6023	36744
6600	40905
6516	40806
5755	36459
6275	37055
5796	34761
5842	36553
6611	37450
5713	38040
5443	36087
5841	39932
6421	37233
5760	34695
6637	37471
6297	40512
6769	39295
5985	40115
5611	36272
6373	38861
5974	38375
6505	40797
5731	34671
6467	37295
5682	39725
6641	35795
6077	38485
6387	40635
6153	38587
5795	36517
5968	38367
6804	37655
6436	37243
5833	39929
6366	40610
6161	38601
5543	37833
5788	39879
6440	38932
5637	37962
6656	40968
6932	41291
7338	41705
7890	43342
7639	43073
6909	41269
7031	41372
7024	44738
6839	43464
6998	41344
7184	41541
7732	43187
7880	43333
7519	42959
7482	42932
7921	43375
7819	45464
7236	41610
7474	44073
7324	43931
7690	45352
6870	42351
7425	45095
7062	43667
7736	44338
7382	43989
7471	45137
6931	43540
6952	41313
6872	41232
7841	44439
6900	44622
8231	48972
8818	47596
8092	45755
8131	48879
7989	45633
8004	46645
8237	45909
8540	47258
8312	46003
8175	48917
8724	48565
8764	47531
8362	46055
8233	46889
8805	49694
8656	49496
8682	48509
7999	45641
8610	46345
8538	48328
8687	47438
8798	47571
8601	49425
8599	48402
8348	49120
8188	46838
8678	49532
9798	51563
9354	52080
9856	53502
9767	51539
9405	50281
9245	51981
8880	51657
9112	52822
9565	53252
9820	50625
9685	52391
9569	53256
9408	52123
9457	52161
9353	53056
9376	53075
9281	50158
9001	50819
8899	49796
9505	51290
8962	50766
9493	50346
8969	52659
9130	52840
8939	50743
9093	51829
9326	53027
9428	51234
9079	51817
9195	50083
9780	52492
9011	52720
8960	51716
8944	50749
9490	52198
9252	51086
9810	50612
9118	50952
9921	55935
10244	53849
10361	57411
10329	55135
10327	55132
10801	55552
10990	55714
10143	57230
10013	57122
10452	56369
10391	57435
10065	54904
10818	56700
11183	54724
11063	56886
9925	55940
10858	54449
11145	56968
10142	56119
10749	54363
10959	57930
10320	53921
10409	54011
10882	57868
10212	55033
10182	56152
10877	57861
10977	55699
10667	57677
10283	56241
10350	55156
10457	55238
10136	53757
10826	54428
11000	57977
10658	56555
10252	53856
10770	57779
10609	55383
11097	56922
10628	56524
9992	54838
10490	54083
9958	55964
10372	53966
10792	57792
10740	54356
10398	53996
10621	55390
10098	53721
10976	57949
9994	55996
11168	54715
10767	54386
10788	56677
11138	58095
10575	55352
9882	55892
11845	58624
11830	59351
11281	58907
11918	60872
11927	59419
11584	58426
11604	59895
11412	59737
11552	60572
11295	59632
11881	59386
11961	59448
11601	58442
11342	60403
11443	60489
12092	58839
11676	60661
11847	60815
11925	60144
12046	58804
11385	59713
11888	60848
11469	58336
11866	58643
11610	59898
11707	59981
11969	60911
11843	58623
11683	59213
12052	59523
11619	59905
11416	58296
11858	59368
11796	59320
11929	60885
11755	60723
11772	60034
11463	59778
11932	58697
11373	60425
12060	59531
11503	59813
11508	60534
11318	58927
12064	58818
11640	59178
11246	59598
11980	59463
12062	60982
11196	58141
11193	59560
12401	61273
12204	61086
12456	61320
12112	61724
12277	61147
12225	61470
12494	62418
12202	62175
12300	62256
12323	61197
12249	61859
12244	61119
12178	61428
12101	61715
12257	61128
12246	61854
12182	61061
12410	61999
12191	61071
12486	61350
12185	61793
12145	61748
12283	61890
12203	61813
12134	61738
12228	61103
12122	62110
12362	62299
12183	61062
12423	62017
12325	61199
12376	61242
12140	61035
12317	61194
12467	61331
12464	61329
12141	61036
12408	62344
12333	61208
303	19778
2659	22260
223	23323
493	23591
2350	21926
1060	16970
3118	15586
2740	15204
3237	26318
666	20134
1146	24234
646	23752
1495	24602
3022	15492
2241	18194
2150	14603
2976	15448
599	13039
267	19752
2014	25124
2239	14691
985	16880
418	19887
1407	20901
1050	13492
631	23734
1342	13783
621	20090
3111	26207
324	16258
330	23437
2577	15024
761	16669
21	15967
1138	24229
2724	15197
2111	18068
312	12798
1109	20607
3391	26473
361	16287
1005	20479
1853	14285
1247	20751
1000	16898
2932	15400
1884	17823
1469	24570
3312	22933
596	13037
2960	22617
368	16294
3280	15750
567	13012
2876	15336
953	16851
1945	14388
615	16526
1810	14246
518	16449
1516	17459
307	12794
2290	21855
3076	19065
3054	19037
618	16530
149	12664
1108	24207
2644	25766
1103	13559
2048	18001
1712	17664
2597	22194
1956	25074
1801	24921
163	23271
2704	25840
1347	20847
829	23927
885	13331
343	12830
821	13282
1985	17925
914	16814
1881	14323
3103	19088
3212	26295
3366	22989
650	16555
1170	13621
1349	13788
2300	25391
2280	14746
1581	21115
342	16277
1475	20967
1172	20665
2316	14790
3044	22696
3106	19091
683	20153
416	19885
759	23856
1402	24514
3095	19074
1674	21218
2224	14678
3226	26306
2203	14660
2882	18872
533	23634
371	16300
1755	24871
287	19766
3243	15717
2889	15350
2186	25274
1963	21526
2792	22426
2232	14686
1032	20508
999	20470
1621	14061
1623	21169
1791	24908
1750	24865
1177	24260
441	23541
945	16837
3189	26281
2958	15421
3141	26229
2324	18276
353	16284
716	23817
743	13199
2612	15061
2991	15464
3394	23015
775	13233
591	13033
1486	13927
1953	14393
76	16014
2011	21581
2574	15021
1327	17256
1461	20956
2855	22499
1959	17902
872	13321
2515	14958
3016	18989
501	19964
922	13365
2145	21707
1867	21413
2558	22146
3308	22930
477	16395
1838	21391
2082	18045
1825	17770
1277	17208
1509	24619
2113	25210
3194	19173
3035	22688
1766	21320
3439	23072
2532	18492
929	13376
2714	15186
3351	15803
1909	25027
1225	13678
144	12653
115	16043
162	19618
2505	22100
2345	21916
1565	24675
657	20118
2760	18734
209	23311
285	23398
1965	25077
689	23800
2872	18864
793	13256
1729	24845
1672	14116
664	16577
973	24059
1324	17250
899	23985
2891	22526
2892	26017
300	12790
2981	18958
78	19545
2359	18327
260	12760
1195	24281
998	13433
3108	19093
1354	13791
1155	20648
2834	25961
1926	17866
3442	23075
3392	15838
3121	26211
663	23774
771	13225
2713	18708
2827	25952
131	12639
3039	22690
644	20105
2596	25716
2067	14520
1336	24434
2041	21611
3101	26203
984	20441
3209	22836
3153	22783
1463	24567
2424	14873
1952	14392
1789	24905
3146	15620
1858	17802
1587	24695
291	16229
3565	28520
5111	32057
5077	30128
3577	26651
3999	30953
3549	30460
4192	33038
4687	31666
4617	31583
5134	32095
4634	27720
5005	30053
4979	33798
3785	28770
4569	29604
3525	32363
5034	30084
5171	32148
5190	32170
3715	32545
4590	27664
5188	34034
4362	33208
4083	29106
3803	30762
5266	28351
3634	26709
5107	33933
4082	32907
4126	32959
4817	31800
5259	28341
4766	29814
3562	32407
4159	27237
3568	26642
4263	27354
4490	31457
5173	28253
4999	30049
4251	33112
4388	27474
4958	31919
4157	31149
4472	29507
4222	33082
4250	29305
3961	32796
4007	27070
4118	27197
5121	32077
5351	28441
4073	31049
3819	30775
5057	28131
5197	34043
4313	27397
5129	30184
3861	26938
4463	31433
4270	29314
4484	27565
5090	32036
3712	28683
3654	30589
5279	32265
5112	32058
3926	30882
4541	29578
4437	27519
4324	27407
3981	30940
3541	32382
3795	30751
4723	27818
3652	28630
3551	32393
5203	32189
3805	28801
3796	26887
3573	28529
5367	34191
3579	30497
4774	29823
4603	31560
4372	31340
3779	30734
3590	28551
4230	33090
3707	26778
4939	29993
5157	28238
3753	30692
4252	33113
5242	34078
4328	27410
4587	27662
3546	26627
4696	31670
4002	30954
5027	33834
4745	27831
4460	29495
4429	33286
5001	28068
4512	33372
4018	32843
5136	32103
4760	27844
3567	26641
3878	26950
3700	30641
4925	29974
5305	28381
4498	31469
3616	30531
4628	27713
3781	32622
4268	27356
4586	31543
3645	30577
5102	28164
4133	31127
4419	27496
4217	27307
4186	29226
4428	31406
3798	28787
4518	31485
4373	29405
3900	26970
3866	26941
4611	29637
4351	31320
5039	33848
4726	33573
4790	27869
5363	30406
4503	31473
4380	27465
4792	29837
3626	30542
4120	32945
5154	28231
3815	26903
4952	28017
4480	29512
4720	29767
4976	30019
5161	33999
4784	29832
3737	28708
4509	31477
4737	29788
4336	33189
3675	28647
5181	34026
5191	32173
5297	32279
4254	27347
4473	31441
5225	34065
4646	33500
4422	33281
4111	27190
4711	31685
4719	29762
3758	30706
4561	33419
4276	27362
5012	30064
4030	30998
3755	30698
3576	28535
3858	32699
5036	31989
3881	32722
3583	26658
5350	28439
3611	26681
4068	27144
4071	32889
5081	32029
4992	30039
4115	32938
4430	29467
3777	28763
4507	33369
4069	31044
4685	27773
5278	34112
4332	33183
4364	31328
4012	29022
4878	27945
4906	33730
4202	31194
3547	30455
5066	33885
3710	26787
5317	28397
3804	26895
5216	34058
3713	26791
3933	27006
3717	32547
4334	29371
4085	32912
4960	28030
3975	30931
4721	31706
4891	27958
5261	30315
4070	29087
3826	26909
4005	27068
3814	28805
3633	26708
4494	27573
3888	28880
4950	28009
4753	33605
5349	32329
4733	33585
4759	31748
3506	28455
4826	33668
3571	30487
4632	29662
5207	34053
4061	29075
4930	29985
3659	26733
4255	27348
5248	32237
3607	32446
4697	33549
4404	29447
4481	29514
3581	26656
5336	28417
3749	28721
4961	33785
4201	29247
4636	29668
3574	32416
4769	29819
3724	30658
4921	33745
4300	33153
4257	27350
3744	26816
4441	31417
3512	30416
3522	28473
4435	27518
4701	31678
3648	26724
5165	34004
3612	26683
3728	30662
3521	28471
5338	32311
3909	30872
4883	33715
5309	32282
4588	33438
5011	28075
5274	32261
5072	32024
4717	29760
4813	29859
3907	28910
4488	33357
4294	31270
4369	27453
4661	33517
5303	28378
4145	29180
4335	33187
4049	29060
4204	27287
4424	29461
5155	30206
3688	28660
4729	31710
3588	30504
4476	29508
4042	32868
4013	29023
4689	29731
4613	33460
4244	31235
5143	33984
4491	29532
3978	30936
5096	28160
4748	31728
4874	31845
5359	32344
4558	27635
4818	29867
4043	31023
4846	31819
4551	27628
4446	31422
4857	31833
3537	32371
4281	29324
4442	31418
4022	30988
4825	33667
5198	34045
3554	32397
4315	33166
5023	33832
4169	31160
5080	33899
4457	29493
4814	31797
4109	29138
4727	33575
3704	26773
4105	27186
3757	32587
3593	26668
5219	32202
4709	31684
4314	27400
4990	28058
5098	30147
3792	28779
4195	33043
4219	29271
4156	27231
3928	28937
4511	29554
3527	28475
3852	32691
3509	30414
4604	29629
4704	31680
4131	31126
5022	31972
4901	29953
5348	34181
5038	31991
4994	30043
4207	31201
4620	29648
4724	33570
5212	30250
3944	28956
4986	30032
4978	33796
4058	32880
4786	33635
3967	32805
4904	29956
4736	33587
4226	31223
3841	30796
5071	30123
4529	31493
4447	27525
4158	27234
5205	30246
3538	30445
4570	29605
4705	27795
4287	27373
3985	32820
5231	32213
5000	33809
4171	33019
3946	27017
4852	33689
4104	27185
5042	33857
3569	28523
4139	32974
4752	29805
3635	28599
4665	31646
5289	30342
3672	26749
4980	28050
5052	33870
4860	27925
3770	28753
3857	26936
4396	27483
4870	29908
5283	28366
5018	28086
4401	29443
4679	27768
4510	29553
3950	27026
4299	31276
4544	31511
4212	27295
4464	33322
4722	29771
3871	26946
4086	32913
4654	27743
4237	31228
4213	31207
3813	30771
4452	29488
5170	30219
3686	26760
3973	30930
5067	32020
5144	32115
4780	31768
4034	31007
3697	28666
4370	29401
5229	30265
4991	31947
5030	31979
4227	27319
3543	32387
3681	32511
3703	30643
4905	27967
4975	28041
4859	31835
4185	27257
4443	31419
3820	30779
4039	31018
3746	30681
3867	26942
3875	32713
3510	26585
3580	28542
4699	31677
4947	28005
3651	26725
5247	34084
4240	31233
3889	28886
3747	26821
5062	33880
4580	27655
5218	28301
4415	27494
5246	28332
3994	27063
5911	34889
5419	39388
6025	36752
6444	35572
6695	35851
6569	39084
5942	38334
5374	34204
6168	36949
6564	39076
5867	39959
5512	39496
6647	39160
5952	38349
6160	40344
5908	34884
6274	38737
5555	39558
5449	39433
6305	40526
5738	39796
5448	39428
6474	40755
6411	35548
5636	36315
6754	37596
5679	36354
5751	38093
5872	34836
6244	35305
5559	39567
6737	35900
6055	40197
6485	37310
6405	40670
5598	36258
5895	39995
5962	40080
5993	36718
5955	40069
6492	37319
5416	34237
5409	34231
5498	37776
5700	36375
5460	36104
6112	35148
5676	34579
5874	36582
5478	36119
6202	35261
5768	39845
6434	40710
6796	39325
5746	38090
7059	41402
7396	43997
7397	45076
7142	42599
7298	44995
7613	44213
7851	43300
6876	41235
7645	41991
7460	44060
7864	43316
7757	43209
7437	44037
7190	41548
7602	43038
7700	44306
7933	45570
7173	41530
7334	45022
7069	44772
7881	43334
7072	44778
7909	44489
8469	48235
8638	47366
8465	48231
8456	49257
8203	47911
8716	46465
8178	48927
8061	47751
8571	46301
8389	48142
8813	47592
8394	49171
8307	48051
8118	45776
8598	49421
8324	48067
8653	48473
8373	48131
8043	47722
8842	49746
8074	46731
8127	48877
8056	48806
8044	48786
8509	49316
8508	46226
8519	47238
8843	49749
8364	48118
8690	47440
8672	46422
8585	48388
8228	45894
8200	46852
8017	47688
8553	46280
8323	47014
7983	47650
7998	47668
8334	49101
8661	49510
8499	48273
8614	49444
8067	45727
8606	48412
8369	49138
8660	46410
8694	48519
8784	46546
8385	49159
8075	45734
8211	47917
8633	46375
8721	48558
8423	46130
8788	47560
8850	49757
8665	48482
8291	46978
8471	46184
8227	45892
8325	49090
8623	46363
8634	48442
8605	47329
8104	46755
8120	47815
8597	48401
8781	47551
8021	48763
8355	47058
8033	46682
8726	48571
8529	48319
8435	48204
7994	46632
8950	49838
9140	52847
9324	51152
9226	51965
9836	51594
9127	50966
9725	52440
9339	50225
9410	50284
9075	51816
9539	51314
9753	53419
9564	52266
9450	52156
9614	51389
9480	52180
9730	51504
8955	52641
9578	52273
9399	51212
8865	50696
10513	54108
10484	56396
10042	53651
10551	54160
10334	57388
10094	53714
10687	54308
10203	53814
10516	54112
10321	53922
11110	55813
10923	56775
10761	57775
11037	55756
11150	56970
9949	53572
10543	55328
10135	57227
10448	56358
10662	54287
10896	54480
10072	54912
11016	56849
10156	54985
10777	57784
10206	55026
10495	57528
10635	56534
10362	55173
10787	55535
10304	57358
10043	56033
10231	57309
10158	56134
10259	56214
10438	55223
10213	53825
10467	54058
10249	55057
10765	54384
10499	56411
10683	57688
9879	55890
11095	56920
10133	53755
10566	55347
10504	55284
10067	57167
10478	55254
10682	56573
11108	54654
10218	57294
11001	57979
10234	53841
10562	56466
10625	57642
10850	55603
10115	53733
10880	57863
10945	56794
10110	56092
10568	57595
10678	56570
11143	54694
10672	57680
10147	57233
10396	56320
11035	54596
10359	53953
10994	54555
11116	55822
10051	57153
10343	53938
9933	53559
10002	54846
10943	55680
10737	54353
10604	56505
9888	57010
11188	54734
10351	56279
10640	55403
10137	53758
10509	57538
9998	54841
10842	55592
10532	54141
9970	55967
10588	54195
10909	56758
11033	55755
10772	56661
10123	57217
10119	57213
10309	55106
10890	55640
10999	57976
11162	58111
10803	57805
10934	55674
10289	55086
11126	55833
10589	57605
11144	55852
11028	55745
10004	54849
10020	57127
10507	54104
10293	55091
9995	57110
10857	56717
10056	57160
11006	55721
9935	57062
10831	57827
10134	56114
10893	55645
10751	55505
10677	57682
10313	57369
10645	56541
11117	55823
11029	55747
9976	55978
10113	53731
10674	54297
10902	56755
10918	55659
11431	59750
11556	58400
11666	58498
11638	58472
11417	58297
11206	58852
11602	59894
11734	59261
11986	58732
11851	59365
11499	58355
11757	60024
11667	58499
12090	60283
11803	58597
11576	59130
11732	59260
11484	59801
11309	59641
11297	58216
11695	59228
11711	59241
11340	58950
11959	60170
11326	58247
11831	60087
12047	58805
11261	60355
11486	60516
11244	59595
11675	60660
11983	59467
11617	58454
11795	60769
11930	59423
11833	59352
12066	58819
12005	60939
11363	59696
11863	58640
11332	59666
11808	59330
11444	59759
12076	58827
11946	60895
11387	58275
11540	59097
11284	58209
11607	58447
12068	60259
11731	60702
12089	60281
12022	58771
11699	58520
11763	60734
11908	59407
11988	60927
11713	59242
11839	58621
11459	59027
11414	59738
11789	60054
11215	58862
11634	58469
11628	60626
12009	60943
11962	60172
11377	60434
12021	58770
11943	58702
11923	60879
12063	60253
11300	58218
11257	60345
11883	59387
11778	59296
11662	59195
11612	58451
11922	60878
11505	59815
11461	59028
11344	58951
11427	58309
12082	58838
11565	58412
11199	58146
11367	59698
11645	59184
11701	59975
11483	59799
12240	61113
12146	62130
12424	62358
12133	61031
12451	62382
12356	61229
12386	62326
12124	61022
12319	61925
12443	61667
12172	62154
12501	62425
12281	62240
12352	61226
12417	62350
12354	61959
12397	61631
12367	62304
12231	61845
12136	61033
12287	62244
12173	61422
12327	61200
12314	61563
12186	61064
12406	62342
12322	61196
12405	61642
12239	62207
12232	61481
12105	61719
12471	62051
12361	62298
12302	61170
12126	62115
12241	62208
12144	61400
12460	61322
12227	62199
12216	62183
12221	61098
12187	61794
12428	62025
12329	61201
12396	62332
12307	61557
12229	62202
12125	62114
12208	61452
12484	62407
12264	62224
12235	61485
12357	61960
12230	61843
12310	61184
12488	61692
12200	61078
12363	61963
12447	61314
12127	61025
12461	61678
12452	62383
12180	61791
12280	61887
12108	61721
12194	62169
12499	61702
12439	62373
12135	61394
12137	61741
12432	62363
12390	61985
12267	61519
12485	61348
12170	61774
12476	62404
12418	61292
12449	62034
12448	61670
12371	61605
12165	61052
12214	61457
12477	62403
12436	61305
12328	61931
12219	61463
197	23301
2070	21638
1556	21075
3020	26140
201	16141
2888	15348
2718	15190
1054	16963
3384	23009
1444	17374
2877	26008
2660	25790
3356	26440
2104	25533
378	12857
1659	24770
2614	25734
3369	26454
2954	15415
541	16472
1901	21450
2821	18802
1395	24507
1759	14199
2546	18503
2697	22310
252	16190
1918	14353
1529	17472
3440	23073
2927	15392
3029	19003
2901	22542
847	13306
558	16486
1676	21219
2128	18080
2490	25589
1655	17604
3503	26578
1760	14201
860	20325
1850	21403
2080	21648
3028	15502
2747	25886
1384	24496
2163	18118
2831	15296
2491	18454
1107	13560
2518	22111
308	19785
3115	19098
1586	21122
3338	22961
1233	13685
2103	14558
1525	21038
1503	24609
1271	17199
1145	24233
3279	19257
1679	24792
2153	21714
11	23139
1372	24481
972	20430
3401	23024
2133	18086
28	12536
2788	15256
3244	22869
1311	20819
1656	14104
1874	21417
1877	21424
3043	19024
822	20287
1254	13706
1793	21345
256	23366
3466	19437
696	20162
958	13391
2362	14838
3492	23124
2618	18594
2468	14915
3430	23057
801	20269
747	20212
1832	21382
1110	20608
1675	24785
700	13155
233	12735
1786	17733
2217	21769
2498	22093
3354	26439
538	20009
470	16383
3049	26161
1699	21254
2440	18389
902	20362
670	16584
2674	18662
843	23941
2706	15175
1855	21407
517	16448
3482	26561
1227	24332
2849	18837
132	19588
248	23355
3190	26282
2236	21796
1476	24581
1152	13604
2053	14502
938	20397
1555	13975
2478	25574
91	19553
3483	19454
2620	25747
381	19854
3425	23054
207	19673
1744	24860
1639	24749
422	19893
1306	24410
2077	21647
1871	24990
770	20238
867	16770
2971	26098
1835	21388
961	16856
528	12981
79	23199
327	23435
3083	22727
451	23550
2451	22028
1667	17612
2015	17968
665	20133
482	19947
2260	14723
579	23679
338	16270
1657	14105
649	23754
2172	21730
2323	14798
2637	18616
1592	14030
1422	17356
498	19958
284	12779
192	23296
2887	18874
1416	17345
1411	20907
969	13399
503	23599
1248	20752
1669	24777
884	20353
2013	17965
3026	22677
2037	17993
1397	24509
2859	22503
2238	25315
1687	21240
2937	22597
1136	24227
1795	14239
2462	22052
1318	17244
886	13332
332	23441
1023	16926
3360	15811
1612	21157
2202	25283
536	20006
438	19906
1330	24429
798	16708
1984	21548
2310	25400
421	23520
176	23278
2211	25290
1878	14315
1187	13639
374	23469
2480	18436
1691	21244
2394	14858
740	23845
3051	26163
2428	25526
2513	18475
3256	19235
121	23231
34	19505
2732	25873
1256	17182
234	19704
1262	24364
531	16469
2269	14737
2867	18856
3253	19233
2589	15033
1763	14204
3105	19090
1298	20811
2061	18023
4789	33637
5184	28267
4135	32967
3647	26723
4178	33026
4344	33194
4552	31520
5122	30172
5210	30247
3868	28864
4672	31653
4853	31830
4907	33732
4021	29032
3540	30448
4407	33265
4065	31039
4283	33135
3822	30780
4170	31162
4272	31253
5091	33921
3919	26994
5026	30074
4688	27780
3559	28512
5014	30065
3923	28927
5195	32179
4548	29589
5089	33919
4274	31255
3615	28574
4391	29430
3519	28470
4895	31865
4405	29450
3526	32364
5288	34118
3620	26697
4092	31079
4929	29984
5360	28448
5017	28085
4262	27353
4798	27877
5086	33910
3996	27064
4293	29339
4322	31298
3802	30758
4208	27292
5331	32307
3974	27045
5267	30320
3886	30842
4890	31858
4911	33739
4028	30995
4389	31365
5125	30173
4245	31237
5158	28239
4136	31130
3592	28553
4621	31587
4519	29562
4234	33092
4800	31785
5142	30198
5061	33878
5344	34175
4845	31817
4008	30959
4655	31636
3765	28745
4707	29749
4527	33383
4228	33088
3897	30857
4138	29171
4889	31857
6019	35026
5632	37956
5487	39476
6460	37272
6790	35974
6445	38935
5913	38286
5809	39910
6209	38656
6075	40234
6519	40810
6345	35459
6342	37142
5674	36349
5467	36114
5557	37849
6322	37128
5918	40017
5826	34789
6789	39317
6495	35621
6127	40301
6368	37167
5468	39452
6124	35173
5801	38174
6269	40469
6286	38757
5762	39827
6542	39041
5610	34488
5604	34476
5526	37814
5774	34727
5884	36597
5575	37875
6043	40179
5932	40038
5618	36282
5424	36055
5940	34935
6722	39250
6021	38416
6128	36891
6294	37094
5397	37683
6606	37434
5511	36148
6082	36841
5469	39453
5886	34859
5558	36211
6657	35811
5909	36622
6585	37410
6218	38675
6085	35122
5553	36207
5390	37679
6044	40182
6051	36791
6648	37485
5462	36107
6451	37259
6551	35687
6525	40824
5715	34649
6757	39279
6429	40704
6805	35988
6713	37557
6170	40358
5631	36311
5523	34375
6392	35518
5888	38262
6483	38979
6701	35857
6365	35492
6740	37583
5660	36339
6301	38782
6628	40935
6066	38469
6229	40432
6341	38819
6216	35281
5770	34719
6052	35082
6138	35182
6509	35639
5494	34345
5986	36712
5822	38192
6511	35642
5516	39503
5899	34873
6087	36848
6524	37349
6493	40771
5635	39666
6310	37114
5579	39582
5706	38035
5848	39935
6597	37429
6363	40604
5566	36216
5853	34812
6011	40132
5954	34954
6284	37070
5614	34490
5483	39471
5950	40065
5488	36124
5702	39749
5620	34514
5948	34950
5977	36705
6729	41053
6720	35886
6028	35037
6270	35334
6559	37381
5725	34664
5627	39653
5975	38376
5509	36147
5859	38234
5522	36158
6758	35931
5947	34949
5737	36431
5987	36714
5959	38355
6146	38578
5686	34595
5570	34433
6750	39271
6070	38476
6281	35351
5377	34205
5375	37667
6177	35223
6204	38649
6650	35805
5922	34898
6712	35874
5502	36137
6617	40925
6488	40768
6255	37037
5451	36098
6640	37474
5990	38392
6671	40981
5391	37681
5735	36424
5596	39609
6432	38925
6733	39258
6535	39037
6736	37575
6801	41162
5941	34936
6626	39125
5863	39958
5435	34261
6770	41108
5980	40107
5777	38132
5665	39699
5422	37704
6375	37178
6408	37220
5423	36054
6163	36940
6539	39038
6522	35654
6194	35252
5785	38152
5415	36036
6751	41082
6369	38858
5550	37842
5667	39703
7004	43612
7491	42941
7313	41680
6843	42337
7747	45389
7449	44050
7818	45463
7092	42561
7423	41782
7716	43175
6928	41284
7557	44159
7824	42156
6888	41243
7114	43724
7456	41820
7156	42615
7532	44141
7475	42922
7206	43800
7516	42954
7002	42487
7763	42094
7754	43207
7560	45217
7339	43947
7743	43197
7749	44344
7296	42765
7332	41703
7427	44027
7005	42490
6973	43583
7954	42276
6946	41309
7434	41793
7559	42998
7648	44256
7141	41493
7359	41725
7001	44724
6809	44548
7380	45061
7015	44731
7074	41417
7275	43877
7772	45420
7058	43661
7383	45063
7372	41737
6962	42450
7685	45345
7847	43296
7795	45440
7784	42114
7064	42536
7583	41936
6867	41227
7154	43758
6864	42343
7497	41861
7835	44434
7790	43231
7863	44451
7501	44101
7458	45119
6835	41189
7765	42096
7907	43361
7389	45069
7897	43347
7385	43990
7406	42862
7210	42664
6850	44589
6987	43596
6854	41217
7950	44524
7917	45554
7373	42833
7465	41829
7942	43398
7222	41587
7189	42644
7337	42803
7760	45405
7346	41715
7483	42934
7882	45526
6982	42469
7361	45042
7077	43687
7013	43624
7662	45318
7979	45619
7057	42532
7854	42182
6856	43484
7629	44238
7706	44313
7205	42656
7709	43167
7037	41377
7565	45219
7447	44047
8280	46966
8700	46448
8831	47618
8593	46328
8313	48053
8436	47161
8145	47849
9420	50290
9616	51392
9717	53387
11140	54693
9944	55956
10419	56336
10255	56210
11004	57981
11114	55820
11470	59044
11893	59396
11380	60438
12087	60280
11688	59219
11361	58964
11861	58637
11348	58956
11811	58606
11446	59020
11200	60304
11776	60746
11805	60779
11218	59578
11775	60040
12002	59483
11974	60916
11558	58404
11317	60384
11298	60374
12209	61090
2317	25410
2805	22433
2171	25262
1078	13526
3053	22701
7	12513
1966	14404
1851	24968
2050	18005
3255	26335
2631	15090
736	16651
2019	21589
2979	22633
1129	24221
2535	14983
750	20214
263	23381
1693	17649
354	23452
2879	22519
2784	22419
739	20208
1641	14078
46	19516
704	13160
1920	25044
769	13224
2168	18122
5139	33978
4431	33288
3523	32361
4584	27659
4242	27340
5130	33967
3997	32830
5590	34463
6772	41114
8264	45944
8779	46539
8254	46923
9500	52211
9838	53485
9415	51225
9255	50131
10947	57917
10802	54410
12223	62196
1257	24360
3183	26275
1446	13884
1806	17746
709	13165
3128	19109
3172	26260
1307	13747
1090	13538
2869	15334
1049	16960
1266	17188
808	20279
2565	15010
1720	14165
566	13011
1004	20478
2327	18279
930	13377
181	19645
184	23283
3412	26498
1949	17891
166	19623
3283	26370
1214	17140
2492	25592
2906	22543
3006	18981
2605	25724
797	13259
1100	13555
2568	18536
1169	20659
623	23725
2661	22261
142	16077
2197	18160
1156	17068
3411	26496
3112	22749
1527	21040
613	13060
1861	24982
2268	14734
1412	17340
433	19903
733	16647
724	16629
4545	29582
3869	32710
3733	30668
4676	29711
3550	30461
5352	30399
3938	30894
5683	39729
5641	36321
5417	36040
5764	39838
5628	36307
6553	37373
7554	45210
6927	41283
6852	43477
7195	44900
7592	44193
7398	43998
7912	42237
7920	42245
7113	42579
6950	44672
6814	43437
7386	43992
7810	43258
7798	42126
7612	41960
7234	43830
7387	42850
7548	41908
6842	42336
7036	41376
6963	41322
7572	44170
8849	47637
8761	47525
8429	49233
8376	48134
8339	48084
8835	49734
8426	47149
8524	48306
8271	46951
8386	46090
8080	46737
8272	47997
8468	47186
8223	47929
8747	46508
8164	48907
8432	47159
8387	49164
8669	48488
8691	48514
8297	45985
8119	45781
8812	49702
8079	46736
8412	47143
8060	46716
8278	45962
8367	48120
8150	46802
8083	48834
8229	45896
8833	46610
8358	47060
8464	49265
8214	45880
8397	48147
8827	49718
8384	48138
8117	48867
8183	48931
8166	46815
8817	46593
8336	46028
8109	45768
8557	46286
8167	46816
8032	48770
8174	48915
8590	49409
8353	47056
8285	48022
8771	48616
7997	45638
8796	48651
8504	49307
8697	48530
8562	49379
8832	49729
8337	46030
8316	47002
8106	48856
8328	47023
8077	48830
8128	47827
8177	46830
8221	45888
8045	46698
8379	47089
8304	46991
8331	48075
8295	48032
8431	48199
8008	48752
8422	46127
8516	47234
8611	46346
8758	48605
8622	47346
8802	47574
8156	47861
8171	45829
8161	47863
8438	46144
8375	49147
8559	46290
8479	46195
8448	46160
8290	49045
8449	49251
8330	48074
8195	47902
8124	45788
8685	47436
8261	45935
8217	48955
8159	46811
8477	49279
8637	46379
8666	48485
8502	48275
8787	48643
8096	47789
8241	47940
8782	47556
8289	45972
8641	47373
8149	47851
8457	46169
8102	45763
8752	49617
8235	46895
8051	45697
8091	47784
8193	46843
8115	48862
9456	52160
8864	50695
9413	51224
9417	50287
9485	50339
9398	51208
9279	52986
9208	52918
9289	52996
9029	49936
9689	52396
9655	51430
9684	50513
9166	51004
8932	49817
9052	50873
9236	51073
9601	52302
9475	53165
8853	52571
9291	52999
9529	52231
8886	49785
9548	53226
9538	51313
9169	51915
9295	50174
9742	52458
9051	52758
9557	51331
9585	53269
9646	53325
9807	53463
9681	53349
9779	53442
9496	51286
9827	53475
9757	50578
9085	52788
9866	53508
9697	52401
9343	51172
9412	52126
9141	51877
9759	53427
9712	50539
8965	49852
9567	53254
9204	51040
9076	50897
9133	50037
9510	50360
9419	51227
9221	51959
8909	51684
9823	50628
9110	52819
9783	52496
9824	51583
9071	50888
9755	51531
9782	51549
9678	53343
9242	50118
9777	51544
9465	51261
9194	51029
9349	52070
9227	51067
9272	51108
9773	52485
9426	53122
9784	51552
9459	52164
9592	50426
9860	52562
8970	52664
9808	51568
9202	51036
9451	52157
9775	51542
8898	49795
9473	50330
9566	53253
9524	53206
9190	51929
9064	51806
9769	53434
9124	51861
9158	51900
9847	52555
9082	51822
9161	50068
8954	50762
9053	49949
9107	50004
9444	52150
9596	51376
9382	50258
9526	53211
9178	52888
9210	52920
9491	52201
9774	52487
9270	50143
8952	51702
9739	50565
9528	50377
9321	50197
9761	50581
9061	52763
8908	51683
9251	51085
9106	49999
9308	51138
9132	51869
8993	50806
9429	51235
8894	49792
9822	51580
9246	52957
9070	49957
9839	51598
9555	51326
9828	51585
9486	52190
9296	52018
9036	52741
9787	50597
9594	50427
9205	51044
9345	52064
9875	52569
9299	51131
8996	51755
9598	50434
8923	49812
8935	50738
9735	50558
9826	52534
9241	51980
9230	50114
9718	52434
8977	51728
9393	52109
9369	52088
9537	50381
9027	51775
9253	52973
9389	52104
9067	49956
9383	51190
9340	50226
8925	52619
9414	50286
9128	52837
9805	53462
9089	49972
8985	51746
9005	50823
9229	51968
9728	50555
9467	53156
9384	50259
9695	50524
9351	52074
9157	50991
9743	51518
9849	51607
9612	52314
8854	49766
9623	52324
9621	53304
9511	52220
9745	53414
8889	50711
9559	51340
9288	52995
11024	56855
11065	56890
10891	54478
10828	54429
9918	55932
10257	55066
10470	54063
10005	53615
10316	57371
10376	53979
9932	53558
10346	56278
9886	53524
10488	55265
10397	57444
10030	56024
10443	54034
10633	54243
10889	55639
10907	55650
10045	57145
10381	56312
11047	58013
10151	56128
11141	55851
10272	53875
11043	58010
10217	53829
10338	55145
10006	53616
9902	54760
10245	57330
10097	57191
10201	55021
10095	57189
10745	57761
10913	54489
11081	58042
9915	53545
10710	57721
10768	54388
10403	57457
10584	54190
11086	56910
10570	57598
10104	56085
10587	54193
11090	55804
10978	55700
10238	56198
11066	58027
9920	54774
11171	58120
10003	57113
10734	55489
10323	53923
11177	55877
10557	56459
10688	55450
10675	54298
10187	56157
10739	55493
10456	56373
9913	55925
10574	54181
10942	55679
10744	57760
10673	54296
11224	58161
12004	60938
11302	58916
11408	59733
11616	60618
11277	58201
11948	59440
11609	59897
12012	58758
11288	58911
12344	61947
12400	61272
12435	62368
1599	21138
315	16246
1367	17292
3030	22684
2925	18907
1062	24154
1335	17260
3452	23090
232	12734
1831	14270
5135	28209
5109	33934
4308	33158
3838	28828