2183	25270
5322	34153
5691	34602
7367	45050
8402	46105
296	19775
2448	18404
3120	22754
4223	33083
3809	26902
3772	30721
3682	32519
4966	28034
4841	27907
4338	31309
5973	36701
5548	36203
6325	38808
6680	37515
5583	37887
7751	43200
7884	45528
7494	44097
7394	43995
7855	45494
8635	48443
8565	49381
9746	52462
8871	52582
9206	52913
10196	55017
10601	54207
11273	60363
11715	59247
11629	58464
12268	61137
12139	61397
12131	61027
12254	61865
12297	61165
3302	15773
1231	17153
150	12665
2949	15412
3450	23086
1930	14371
359	16286
2643	22241
1523	17467
1057	13499
794	16700
102	23215
1538	24645
1258	17184
3365	19351
1883	17821
1510	17453
1133	17049
1334	24433
2609	25730
1323	20827
58	23188
2454	14901
1312	17239
2602	22198
2410	18363
2261	25347
1360	24457
707	13163
373	19848
2504	25612
1308	24412
1058	20544
844	13304
1343	24442
2380	21966
1338	20841
4683	27770
3970	27042
4394	29433
4767	29815
4514	33376
4795	31779
4044	31024
3930	30885
4899	27963
4400	33257
3603	32445
5093	32038
4668	27753
3561	32405
5133	32093
4100	31093
3578	28540
3531	28481
5356	30403
5131	28202
4830	29871
3856	28847
4279	27365
3748	32575
4618	31584
3854	30812
4566	29601
5192	32176
5069	30119
3816	32649
4284	27372
3572	30486
6600	40905
5755	36459
6275	37055
6611	37450
5713	38040
5841	39932
6421	37233
5760	34695
6637	37471
6297	40512
5985	40115
5611	36272
5974	38375
6505	40797
6467	37295
5682	39725
6641	35795
6153	38587
5968	38367
6436	37243
6161	38601
5788	39879
6440	38932
5637	37962
6656	40968
6932	41291
7890	43342
7639	43073
6909	41269
7031	41372
7024	44738
6839	43464
7184	41541
7732	43187
7880	43333
7519	42959
7482	42932
7236	41610
7690	45352
7425	45095
7471	45137
6952	41313
6900	44622
8231	48972
8818	47596
8131	48879
7989	45633
8004	46645
8237	45909
8540	47258
8312	46003
8175	48917
8362	46055
8805	49694
8656	49496
7999	45641
8538	48328
8687	47438
8798	47571
8678	49532
9798	51563
9354	52080
9856	53502
9405	50281
9245	51981
9112	52822
9565	53252
9457	52161
9353	53056
9281	50158
8899	49796
9505	51290
8962	50766
9493	50346
9130	52840
9093	51829
9326	53027
9428	51234
9079	51817
9195	50083
9780	52492
8944	50749
9490	52198
9252	51086
9810	50612
9118	50952
9921	55935
10244	53849
10329	55135
10327	55132
10801	55552
10143	57230
10013	57122
10452	56369
10391	57435
10818	56700
11063	56886
9925	55940
10959	57930
10409	54011
10882	57868
10182	56152
10877	57861
10667	57677
10283	56241
10350	55156
10136	53757
10826	54428
10658	56555
10252	53856
11097	56922
10628	56524
9958	55964
10792	57792
11168	54715
10788	56677
11138	58095
10575	55352
11845	58624
11281	58907
11927	59419
11604	59895
11412	59737
11552	60572
11295	59632
11881	59386
12092	58839
11676	60661
11925	60144
12046	58804
11469	58336
11866	58643
11707	59981
11969	60911
11843	58623
11683	59213
11619	59905
11416	58296
11858	59368
11796	59320
11772	60034
11463	59778
11932	58697
12060	59531
12064	58818
11640	59178
11246	59598
12062	60982
11196	58141
12401	61273
12204	61086
12456	61320
12494	62418
12202	62175
12323	61197
12249	61859
12244	61119
12101	61715
12257	61128
12246	61854
12182	61061
12410	61999
12191	61071
12185	61793
12203	61813
12228	61103
12122	62110
12183	61062
12423	62017
12325	61199
12376	61242
12464	61329
12141	61036
12333	61208
303	19778
2659	22260
223	23323
493	23591
1060	16970
3118	15586
666	20134
1146	24234
1495	24602
2150	14603
2976	15448
267	19752
2014	25124
2239	14691
418	19887
1407	20901
1050	13492
631	23734
3111	26207
324	16258
330	23437
2577	15024
21	15967
1138	24229
2724	15197
312	12798
1109	20607
3391	26473
1005	20479
1853	14285
1884	17823
368	16294
3280	15750
567	13012
953	16851
615	16526
518	16449
1516	17459
307	12794
3076	19065
3054	19037
1108	24207
2644	25766
2048	18001
1712	17664
2597	22194
1801	24921
829	23927
885	13331
821	13282
1985	17925
3103	19088
3212	26295
3366	22989
1170	13621
1349	13788
2280	14746
1581	21115
342	16277
2316	14790
3106	19091
416	19885
1402	24514
1674	21218
2224	14678
3226	26306
2882	18872
533	23634
2889	15350
2186	25274
1963	21526
2792	22426
2232	14686
1032	20508
999	20470
1621	14061
1623	21169
1750	24865
441	23541
2958	15421
743	13199
2612	15061
1486	13927
76	16014
2011	21581
1461	20956
1959	17902
872	13321
2515	14958
501	19964
922	13365
2558	22146
477	16395
2082	18045
1825	17770
1277	17208
1509	24619
3194	19173
1766	21320
3439	23072
929	13376
3351	15803
1909	25027
2505	22100
1565	24675
657	20118
2760	18734
285	23398
1965	25077
793	13256
1729	24845
1672	14116
973	24059
1324	17250
899	23985
2891	22526
2892	26017
2981	18958
2359	18327
998	13433
1354	13791
2834	25961
1926	17866
3442	23075
3121	26211
663	23774
771	13225
2713	18708
131	12639
3039	22690
644	20105
2596	25716
2067	14520
2041	21611
3101	26203
984	20441
3209	22836
3153	22783
1463	24567
1952	14392
1789	24905
3565	28520
5111	32057
5077	30128
3999	30953
4192	33038
4687	31666
4617	31583
4634	27720
5005	30053
4979	33798
4569	29604
5190	32170
5188	34034
4083	29106
3803	30762
5266	28351
3634	26709
5107	33933
4082	32907
4126	32959
4817	31800
4766	29814
4159	27237
3568	26642
4490	31457
5173	28253
4251	33112
4388	27474
4958	31919
4157	31149
4472	29507
4222	33082
4250	29305
3961	32796
4007	27070
4118	27197
5121	32077
5351	28441
4073	31049
5197	34043
3861	26938
4270	29314
4484	27565
5112	32058
4324	27407
3981	30940
3795	30751
3551	32393
3805	28801
3796	26887
5367	34191
3579	30497
4603	31560
4372	31340
3590	28551
4230	33090
4939	29993
5157	28238
5242	34078
4328	27410
4587	27662
4002	30954
5027	33834
4745	27831
4429	33286
5001	28068
4760	27844
3567	26641
3878	26950
3700	30641
4925	29974
4498	31469
3616	30531
4628	27713
4268	27356
4586	31543
3645	30577
5102	28164
4419	27496
4217	27307
4186	29226
3798	28787
4518	31485
3900	26970
3866	26941
4611	29637
4351	31320
5039	33848
4726	33573
4503	31473
4380	27465
3626	30542
4120	32945
3815	26903
4480	29512
4720	29767
4976	30019
5161	33999
4784	29832
4737	29788
3675	28647
5181	34026
5191	32173
4473	31441
4646	33500
4111	27190
4561	33419
5012	30064
4030	30998
3755	30698
3576	28535
3858	32699
3583	26658
5350	28439
3611	26681
4071	32889
5081	32029
4992	30039
4115	32938
3777	28763
4507	33369
4685	27773
5278	34112
4332	33183
4364	31328
4012	29022
4906	33730
4202	31194
3547	30455
5066	33885
5317	28397
5216	34058
3933	27006
4085	32912
4960	28030
4721	31706
4891	27958
4070	29087
3826	26909
4005	27068
3633	26708
4494	27573
3888	28880
4753	33605
5349	32329
4759	31748
3571	30487
4632	29662
5207	34053
4930	29985
3659	26733
4697	33549
4404	29447
3581	26656
3749	28721
4201	29247
4636	29668
3574	32416
4769	29819
3724	30658
4921	33745
4300	33153
3512	30416
3522	28473
4435	27518
3648	26724
3612	26683
3521	28471
5338	32311
4883	33715
4588	33438
5011	28075
5274	32261
5072	32024
4717	29760
4813	29859
3907	28910
4294	31270
4369	27453
4661	33517
4145	29180
4335	33187
4204	27287
4424	29461
5155	30206
3588	30504
4476	29508
4042	32868
4613	33460
4244	31235
5143	33984
3978	30936
5096	28160
4748	31728
4874	31845
5359	32344
4818	29867
4043	31023
4551	27628
3537	32371
4281	29324
4442	31418
4022	30988
5198	34045
4315	33166
5023	33832
4169	31160
5080	33899
4457	29493
4814	31797
4109	29138
4727	33575
3704	26773
3593	26668
4709	31684
3792	28779
4195	33043
4219	29271
4156	27231
3928	28937
3527	28475
3509	30414
4604	29629
4704	31680
4131	31126
5022	31972
4901	29953
5348	34181
4207	31201
4620	29648
5212	30250
3944	28956
4058	32880
4786	33635
3967	32805
4904	29956
4226	31223
3841	30796
4529	31493
5205	30246
4287	27373
3985	32820
5231	32213
4171	33019
3946	27017
4104	27185
5042	33857
3569	28523
4139	32974
4665	31646
5289	30342
3672	26749
4980	28050
4860	27925
3770	28753
3857	26936
4396	27483
5283	28366
5018	28086
4401	29443
4679	27768
4510	29553
3950	27026
4299	31276
4544	31511
4212	27295
4464	33322
4722	29771
3871	26946
4086	32913
4654	27743
4237	31228
3813	30771
3686	26760
3973	30930
5144	32115
4034	31007
3697	28666
4370	29401
5229	30265
4991	31947
5030	31979
3543	32387
3681	32511
3703	30643
4905	27967
4859	31835
4443	31419
3820	30779
4039	31018
3875	32713
3580	28542
4947	28005
3651	26725
5247	34084
3889	28886
3747	26821
5062	33880
4580	27655
5218	28301
3994	27063
5419	39388
6025	36752
6695	35851
6569	39084
5374	34204
6168	36949
5867	39959
5512	39496
6647	39160
5952	38349
6160	40344
5908	34884
6274	38737
5555	39558
5738	39796
5448	39428
6474	40755
6411	35548
6754	37596
6244	35305
5559	39567
6737	35900
6055	40197
5895	39995
5962	40080
5993	36718
5955	40069
6492	37319
5409	34231
5700	36375
5460	36104
6112	35148
5874	36582
5478	36119
6202	35261
5768	39845
6434	40710
5746	38090
7396	43997
7142	42599
7613	44213
7460	44060
7757	43209
7602	43038
7700	44306
7173	41530
7334	45022
7069	44772
7881	43334
8469	48235
8638	47366
8465	48231
8456	49257
8203	47911
8716	46465
8061	47751
8571	46301
8813	47592
8394	49171
8307	48051
8118	45776
8324	48067
8653	48473
8373	48131
8074	46731
8056	48806
8044	48786
8508	46226
8519	47238
8843	49749
8690	47440
8585	48388
8228	45894
8323	47014
7998	47668
8334	49101
8661	49510
8499	48273
8067	45727
8606	48412
8369	49138
8660	46410
8784	46546
8385	49159
8075	45734
8211	47917
8633	46375
8721	48558
8423	46130
8850	49757
8665	48482
8471	46184
8227	45892
8325	49090
8634	48442
8605	47329
8104	46755
8120	47815
8597	48401
8781	47551
8021	48763
8726	48571
8435	48204
8950	49838
9140	52847
9324	51152
9226	51965
9127	50966
9339	50225
9410	50284
9075	51816
9539	51314
9753	53419
9564	52266
9450	52156
9614	51389
9578	52273
8865	50696
10484	56396
10551	54160
10334	57388
10687	54308
10516	54112
10923	56775
10761	57775
11037	55756
10135	57227
10156	54985
10777	57784
10206	55026
10495	57528
10787	55535
10304	57358
10158	56134
10438	55223
10213	53825
10467	54058
10249	55057
10566	55347
10504	55284
10478	55254
10218	57294
11001	57979
10625	57642
10115	53733
10945	56794
10568	57595
11143	54694
10672	57680
10396	56320
10359	53953
10994	54555
10051	57153
10343	53938
10002	54846
10943	55680
10604	56505
9888	57010
10640	55403
10509	57538
9998	54841
10842	55592
10909	56758
10772	56661
10123	57217
10119	57213
10309	55106
10890	55640
11162	58111
10289	55086
11126	55833
10589	57605
10004	54849
10020	57127
10507	54104
10293	55091
10857	56717
11006	55721
9935	57062
10893	55645
10751	55505
10677	57682
10313	57369
10645	56541
9976	55978
10674	54297
10918	55659
11556	58400
11666	58498
11638	58472
11206	58852
11602	59894
11734	59261
11986	58732
11851	59365
11499	58355
11757	60024
11667	58499
12090	60283
11803	58597
11576	59130
11732	59260
11484	59801
11297	58216
11711	59241
11959	60170
11326	58247
11831	60087
11261	60355
11244	59595
11617	58454
11795	60769
12005	60939
11363	59696
12076	58827
11387	58275
11607	58447
11731	60702
12089	60281
12022	58771
11699	58520
11763	60734
11459	59027
11414	59738
11215	58862
11628	60626
12009	60943
11962	60172
11377	60434
12021	58770
11943	58702
11300	58218
11883	59387
11612	58451
11505	59815
11344	58951
11427	58309
12082	58838
11565	58412
11367	59698
11645	59184
12240	61113
12146	62130
12133	61031
12451	62382
12356	61229
12124	61022
12319	61925
12443	61667
12172	62154
12501	62425
12352	61226
12354	61959
12397	61631
12231	61845
12136	61033
12287	62244
12173	61422
12327	61200
12314	61563
12186	61064
12406	62342
12322	61196
12405	61642
12232	61481
12126	62115
12144	61400
12460	61322
12227	62199
12216	62183
12329	61201
12307	61557
12125	62114
12208	61452
12484	62407
12264	62224
12235	61485
12310	61184
12363	61963
12461	61678
12452	62383
12280	61887
12194	62169
12499	61702
12439	62373
12135	61394
12137	61741
12267	61519
12485	61348
12170	61774
12476	62404
12418	61292
12448	61670
12371	61605
12219	61463
1556	21075
3020	26140
201	16141
2888	15348
2718	15190
3384	23009
1444	17374
3356	26440
2614	25734
2954	15415
541	16472
1901	21450
2821	18802
1759	14199
2697	22310
1918	14353
1529	17472
3440	23073
2927	15392
2490	25589
860	20325
1850	21403
3028	15502
2747	25886
1384	24496
2163	18118
2831	15296
2518	22111
308	19785
3115	19098
1586	21122
3338	22961
1233	13685
2103	14558
1525	21038
1503	24609
1271	17199
1679	24792
2153	21714
972	20430
3401	23024
2133	18086
28	12536
3244	22869
1311	20819
1656	14104
1874	21417
3043	19024
1793	21345
256	23366
696	20162
958	13391
2362	14838
3492	23124
2618	18594
3430	23057
801	20269
1675	24785
233	12735
1786	17733
2498	22093
3354	26439
538	20009
3049	26161
902	20362
2674	18662
2706	15175
1855	21407
517	16448
3482	26561
1227	24332
132	19588
3190	26282
2236	21796
1152	13604
938	20397
1555	13975
2478	25574
91	19553
3483	19454
2620	25747
381	19854
1744	24860
1639	24749
422	19893
2077	21647
867	16770
2971	26098
961	16856
528	12981
79	23199
327	23435
3083	22727
451	23550
2451	22028
1667	17612
2015	17968
482	19947
2260	14723
579	23679
1657	14105
649	23754
2323	14798
2637	18616
1422	17356
498	19958
284	12779
192	23296
2887	18874
1416	17345
503	23599
1669	24777
3026	22677
1397	24509
2238	25315
2937	22597
1318	17244
886	13332
332	23441
3360	15811
2202	25283
1330	24429
1984	21548
2310	25400
2211	25290
1878	14315
1187	13639
1691	21244
2394	14858
2428	25526
2513	18475
3256	19235
121	23231
2732	25873
1256	17182
1262	24364
531	16469
2269	14737
2867	18856
3253	19233
3105	19090
4789	33637
5184	28267
4135	32967
3647	26723
4178	33026
4344	33194
4552	31520
5210	30247
4021	29032
3540	30448
4065	31039
4283	33135
3822	30780
4170	31162
4272	31253
5026	30074
3559	28512
5014	30065
3923	28927
4548	29589
5089	33919
3615	28574
3519	28470
4895	31865
4405	29450
5288	34118
5360	28448
5017	28085
5086	33910
3996	27064
4293	29339
3802	30758
5331	32307
3974	27045
3886	30842
4890	31858
4028	30995
5125	30173
5158	28239
4136	31130
3592	28553
4519	29562
4800	31785
5061	33878
5344	34175
4845	31817
4008	30959
4655	31636
3765	28745
4707	29749
3897	30857
4138	29171
4889	31857
6019	35026
5632	37956
6790	35974
5809	39910
6209	38656
6075	40234
6342	37142
5674	36349
5557	37849
6322	37128
6127	40301
6368	37167
5468	39452
6286	38757
5762	39827
5610	34488
5526	37814
5774	34727
5884	36597
5575	37875
6043	40179
5932	40038
5618	36282
5940	34935
6722	39250
6294	37094
5397	37683
5511	36148
6082	36841
5469	39453
5886	34859
6657	35811
6585	37410
6085	35122
5553	36207
6044	40182
6051	36791
6648	37485
5462	36107
6525	40824
5715	34649
6429	40704
6805	35988
6170	40358
5523	34375
6392	35518
5888	38262
6483	38979
6701	35857
6740	37583
5660	36339
6301	38782
6628	40935
6229	40432
6341	38819
6216	35281
5770	34719
6052	35082
6138	35182
6509	35639
5494	34345
5986	36712
5822	38192
6511	35642
5516	39503
5899	34873
6524	37349
6310	37114
5706	38035
5848	39935
6363	40604
6011	40132
5614	34490
5950	40065
5488	36124
5702	39749
6270	35334
6559	37381
5725	34664
5627	39653
5509	36147
5947	34949
5737	36431
6146	38578
5686	34595
6750	39271
6070	38476
6281	35351
5377	34205
5375	37667
5922	34898
6712	35874
5502	36137
6617	40925
6488	40768
6255	37037
5451	36098
6640	37474
6671	40981
5391	37681
5596	39609
6733	39258
6535	39037
6736	37575
6801	41162
5941	34936
6626	39125
5435	34261
5777	38132
5665	39699
5422	37704
6375	37178
6408	37220
5423	36054
6163	36940
6522	35654
5785	38152
5550	37842
5667	39703
7491	42941
6928	41284
7557	44159
7824	42156
7114	43724
7456	41820
7475	42922
7206	43800
7516	42954
7763	42094
7339	43947
7743	43197
7296	42765
7332	41703
7427	44027
6973	43583
6946	41309
7559	42998
7648	44256
7141	41493
7001	44724
7015	44731
7074	41417
7372	41737
6962	42450
7685	45345
7795	45440
6867	41227
7154	43758
6864	42343
7790	43231
7458	45119
7907	43361
7389	45069
7897	43347
7385	43990
7406	42862
7210	42664
6850	44589
6987	43596
7950	44524
7917	45554
7373	42833
7465	41829
7760	45405
7483	42934
7882	45526
7361	45042
7662	45318
7854	42182
6856	43484
7629	44238
7706	44313
7205	42656
7709	43167
7037	41377
7565	45219
7447	44047
8700	46448
8831	47618
8313	48053
9420	50290
9616	51392
9717	53387
11140	54693
10255	56210
11004	57981
11114	55820
11470	59044
11893	59396
11380	60438
11688	59219
11348	58956
11446	59020
11776	60746
11805	60779
11775	60040
12002	59483
11974	60916
11317	60384
11298	60374
12209	61090
2317	25410
2805	22433
2171	25262
1078	13526
3053	22701
7	12513
1966	14404
1851	24968
2050	18005
3255	26335
2019	21589
2979	22633
2535	14983
750	20214
263	23381
1693	17649
2879	22519
2784	22419
739	20208
1641	14078
46	19516
704	13160
1920	25044
769	13224
2168	18122
5139	33978
4431	33288
4584	27659
5130	33967
3997	32830
5590	34463
8779	46539
9838	53485
9415	51225
9255	50131
10802	54410
1446	13884
3128	19109
3172	26260
1090	13538
1049	16960
1266	17188
1720	14165
566	13011
1004	20478
930	13377
181	19645
184	23283
1949	17891
3283	26370
1214	17140
2492	25592
2906	22543
3006	18981
2605	25724
2568	18536
623	23725
2661	22261
142	16077
2197	18160
1156	17068
3411	26496
613	13060
1861	24982
2268	14734
1412	17340
433	19903
733	16647
724	16629
3869	32710
4676	29711
3550	30461
3938	30894
5641	36321
6553	37373
6852	43477
7592	44193
7398	43998
6950	44672
6814	43437
7612	41960
7234	43830
7387	42850
7548	41908
7036	41376
6963	41322
7572	44170
8849	47637
8761	47525
8429	49233
8835	49734
8426	47149
8468	47186
8223	47929
8747	46508
8432	47159
8387	49164
8669	48488
8297	45985
8119	45781
8079	46736
8060	46716
8278	45962
8367	48120
8150	46802
8083	48834
8229	45896
8358	47060
8464	49265
8214	45880
8117	48867
8183	48931
8817	46593
8336	46028
8109	45768
8557	46286
8167	46816
8032	48770
8590	49409
8353	47056
8771	48616
7997	45638
8796	48651
8504	49307
8697	48530
8562	49379
8316	47002
8328	47023
8077	48830
8128	47827
8379	47089
8304	46991
8331	48075
8295	48032
8431	48199
8516	47234
8758	48605
8156	47861
8171	45829
8161	47863
8438	46144
8375	49147
8559	46290
8479	46195
8448	46160
8290	49045
8449	49251
8330	48074
8195	47902
8124	45788
8217	48955
8477	49279
8637	46379
8666	48485
8096	47789
8149	47851
8051	45697
9456	52160
8864	50695
9398	51208
9279	52986
9289	52996
9689	52396
9655	51430
9684	50513
9166	51004
9052	50873
9475	53165
8853	52571
9291	52999
9529	52231
8886	49785
9548	53226
9538	51313
9742	52458
9051	52758
9557	51331
9585	53269
9807	53463
9681	53349
9496	51286
9757	50578
9085	52788
9866	53508
9697	52401
9412	52126
9141	51877
9759	53427
8965	49852
9567	53254
9076	50897
9419	51227
9221	51959
8909	51684
9110	52819
9783	52496
9824	51583
9071	50888
9242	50118
9465	51261
9194	51029
9349	52070
9227	51067
9272	51108
9773	52485
9426	53122
9784	51552
9592	50426
9860	52562
8970	52664
9808	51568
9202	51036
9451	52157
8898	49795
9473	50330
9524	53206
9769	53434
9124	51861
9158	51900
9082	51822
9161	50068
8954	50762
9053	49949
9107	50004
9382	50258
9526	53211
9210	52920
9491	52201
9774	52487
8952	51702
9739	50565
9528	50377
9321	50197
9761	50581
8908	51683
9106	49999
9308	51138
9246	52957
9839	51598
9555	51326
9828	51585
9486	52190
9036	52741
9787	50597
9205	51044
9345	52064
9299	51131
8996	51755
9598	50434
8935	50738
9735	50558
9826	52534
9230	50114
8977	51728
9393	52109
9027	51775
9389	52104
9383	51190
9340	50226
8925	52619
9414	50286
9128	52837
9805	53462
9089	49972
8985	51746
9229	51968
9728	50555
9384	50259
9849	51607
9612	52314
8854	49766
9621	53304
9511	52220
9745	53414
9559	51340
11024	56855
11065	56890
10891	54478
10470	54063
10346	56278
9886	53524
10488	55265
10397	57444
10030	56024
10633	54243
10045	57145
10381	56312
11047	58013
11141	55851
10272	53875
11043	58010
10338	55145
10006	53616
9902	54760
10201	55021
10095	57189
10913	54489
11081	58042
9915	53545
10710	57721
10768	54388
10403	57457
11086	56910
10570	57598
10587	54193
11090	55804
11171	58120
11177	55877
10557	56459
10675	54298
10187	56157
10739	55493
10456	56373
9913	55925
10942	55679
10744	57760
10673	54296
11224	58161
11302	58916
11408	59733
11277	58201
11948	59440
11609	59897
11288	58911
12400	61272
1599	21138
315	16246
1367	17292
2925	18907
5135	28209
5109	33934
4308	33158
3838	28828