1396	21469
3699	28295
4599	33495
5133	37708
6231	43774
2300	19223
1081	20983
1622	21794
1161	17638
3845	30381
3709	28303
3469	29926
3350	27861
2589	26918
3177	27609
3704	28298
2438	24839
3927	28566
4035	34222
3990	30564
4052	35924
4900	32230
4536	33380
4340	31210
4124	36012
4501	36692
3956	30505
5626	39498
5177	38871
5691	41845
5481	41571
5646	39519
5243	37885
5083	37625
5081	38740
5837	44174
6159	42635
6297	45906
6349	43949
6944	48755
6555	48193
6783	47553
6574	48215
6461	48033
7551	50504
7147	49976
7792	50852
7153	51137
7115	53382
8294	55599
8184	56192
7989	54554
8144	56156
8166	54784
7952	55904
8556	58083
8686	57541
8501	57662
8626	58516
8719	58278
8555	57372
8687	57883
8557	57740
1063	10376
872	20685
853	10077
1050	10364
2253	15685
93	16006
766	13500
729	20473
2338	12222
452	9476
298	19835
1925	22171
76	15990
1765	15003
467	13051
381	12931
1350	17911
470	13055
2052	22346
1578	11090
921	13762
1991	22251
703	13402
1509	18150
462	20093
1701	21879
2403	19376
1383	21451
457	13034
755	20502
1401	17981
1435	21519
666	13345
78	12457
1131	17608
1840	22044
1516	11015
1156	14124
2036	11763
1323	17876
941	17314
2303	19230
1850	22069
2334	22743
261	12747
1403	17983
1495	10987
817	20579
897	13729
1145	17618
270	9199
383	19980
1884	15172
744	13466
420	20040
1225	10592
2162	15552
1597	21755
2684	27012
3869	24734
3375	24097
2672	25138
3708	24517
3157	23780
2681	23190
3646	30145
3860	26612
3727	28325
3660	30166
3815	28422
3272	25868
3141	29468
2886	27241
3234	25821
3809	24655
2461	28621
3892	30429
2795	25297
2543	26857
2574	28754
2735	27072
3658	30161
2891	27245
2537	28710
2686	23193
2491	22947
3876	30408
3207	27638
3361	25997
3451	26109
2868	29112
2944	27311
2997	23575
2880	25402
3605	24397
2425	28589
2478	26769
3931	24805
3657	30159
3461	27982
3687	24496
3872	26622
3664	26365
3180	29527
2621	25067
4510	33310
4363	34745
4818	33881
4221	34516
4672	33648
4693	37044
4028	35881
4641	35270
4279	34606
4488	31448
4723	35405
4081	30726
4652	35291
4119	34355
4349	31224
4339	31206
4879	32186
4591	35161
4654	33609
4856	33952
4851	37319
4418	34832
4088	32519
4371	31277
4295	36294
3934	32281
4518	33336
4685	31829
4731	33747
4800	32049
4862	37350
3959	35755
4358	31251
3998	34163
4694	37045
4681	31823
4550	33400
4114	34340
4699	35355
4486	36646
5219	38922
5099	37657
5265	41264
4956	37482
5445	38199
5563	40589
5166	39992
5620	41756
5158	38849
5190	38886
5034	37560
5477	38238
5322	37982
5173	38866
4996	37524
5539	39369
5564	41682
5721	40813
5561	41674
5261	38976
5421	39214
4932	37452
5154	37746
5076	37613
5576	40599
5512	38275
5698	38507
5336	41349
5366	39137
5032	38668
5012	39750
6254	42803
6371	45020
5736	44021
6037	44492
5902	42187
6143	45656
6180	42669
6334	44966
5924	43320
6386	44002
6215	44749
5784	41979
5798	41999
5857	45239
5933	42244
6235	43781
5762	43055
5995	43411
5832	42053
6031	44482
5953	44368
5853	42099
6117	45599
6057	45512
6331	45945
5954	43356
6123	45614
6901	49645
6769	49413
6468	48047
6438	47998
6705	48404
6606	49189
6822	47625
6926	47798
6591	47265
6661	47369
6594	47267
6792	49453
6655	47361
6702	47433
6553	48192
6474	47087
6922	48718
6486	46183
6546	49102
6812	46672
6701	49330
6495	46207
6815	49486
6895	47748
6823	47626
6663	48353
6886	49621
6550	46275
6500	47128
6976	47866
6821	49501
6805	47587
6874	49578
6664	49276
6478	48055
6768	48499
6596	49166
6921	46823
7687	50719
7508	50455
7852	54399
7571	52836
7594	50573
7144	49971
7014	53275
7051	53315
7344	52557
7507	50454
7549	53973
7524	51650
7189	50035
7204	50056
7261	51308
7623	54087
7245	51281
7156	51143
7122	51098
7520	53945
7535	51674
7771	53152
7409	53796
7758	54286
7118	53389
7284	51341
7721	54230
7577	50554
7567	54003
7176	53467
7832	53225
7608	51759
7487	50423
7442	50365
7702	54188
7821	54363
7171	53460
7584	51730
7456	50380
7713	51901
7333	51410
7459	51557
7091	52204
7769	54295
7298	52505
7782	54305
7510	51625
7785	51989
7596	52881
7464	52694
7400	51498
7828	53214
7173	51173
7124	53395
7466	51560
7644	51815
7753	50804
7330	53701
8362	57128
8162	54780
8052	56762
8066	55341
8356	54983
8357	55676
8174	56184
8312	55610
8336	54960
8163	56908
7955	55196
8235	56247
8450	55067
8449	55066
7902	56579
7998	54576
8203	56948
8156	56900
8333	54948
7946	56626
8420	55031
7973	54526
8064	56056
7974	55213
7954	54504
7926	56606
8011	55260
8437	57211
8399	56443
7999	56700
8394	55718
7901	55849
8438	55057
7961	55200
7930	55880
8089	56085
8125	56845
8331	56365
8285	55588
8291	56318
8133	56861
8078	56076
7979	56661
7918	56596
8451	55068
7882	56557
8191	56933
7879	55832
8079	54679
8165	56910
8348	56393
8522	58028
8567	57392
8603	57428
8598	57786
8621	57453
8675	58230
8554	57736
8528	57332
8743	58314
8656	57859
8578	57765
8532	57705
8535	58046
8613	58143
8531	57701
8620	58156
8757	58330
8716	58645
8630	57467
8704	58257
8699	58248
8618	57448
8525	58399
8688	57884
8609	58504
8562	58447
8527	58032
8767	58341
8749	58321
8718	58277
8766	57627
8543	57719
8712	57571
8505	57296
8616	57445
8634	57474
8729	57592
8508	58015
8762	57976
366	12921
1536	21673
972	13834
2348	12247
1098	21022
2185	12003
1871	18611
242	16219
1788	18505
2166	19026
1711	11266
1927	11601
2246	12073
1997	18773
1194	21155
1003	17394
572	20258
147	12546
1902	11576
1702	21880
268	12763
2023	22307
1941	15234
187	19659
950	20802
471	9505
870	17175
654	16850
781	20533
2005	15328
1377	14458
2019	18805
1143	21090
1423	18006
721	20464
1363	14436
600	9707
1231	21211
174	19646
751	16996
131	12515
724	20467
1230	21209
1686	21857
532	13167
1669	18350
455	20086
640	20364
2014	22287
1896	18647
895	17222
2194	15594
1393	14487
1715	21887
1768	15011
1877	22110
906	17241
1426	10852
1794	15033
1773	21953
887	10139
2184	22545
1232	14238
308	16339
552	16730
862	20670
1803	11423
2170	19034
382	9367
2193	15593
130	12514
1566	14727
760	20513
1052	20937
1018	17416
2411	19386
353	16407
1115	17580
40	12420
1242	17758
2361	22774
1488	21608
2082	11833
1648	14837
659	16865
856	20660
1355	10772
15	12384
1284	10678
1301	14357
2209	15619
629	13307
762	13495
2095	18919
834	20622
1373	21441
1564	11068
1148	14116
1233	17742
134	12521
1982	22240
1190	10542
2297	22692
1716	14930
360	9344
2106	11866
1671	14862
2100	18933
1731	11304
2252	22636
243	16220
1693	11228
1059	17484
695	16920
2220	22591
1154	21100
1821	15075
1616	11147
72	12448
2414	22848
2215	15627
149	12553
489	20139
920	20763
1912	15208
537	16706
516	9590
70	19501
1356	10775
2200	15603
1386	14474
511	9581
927	20770
1048	10359
2168	19031
1269	14309
828	10027
1421	18002
2169	11975
576	16765
2152	11951
364	12916
1806	15054
1324	17879
771	9931
173	16130
1647	11186
1706	18384
1288	21303
2063	18888
223	19717
1732	14948
2000	22262
1339	17898
2021	11739
1588	18253
1425	18010
232	16206
1315	21359
1446	10880
132	8965
60	19487
764	9918
808	17073
1084	14017
171	16128
1008	13882
2032	15362
1141	17617
1778	11384
2277	12142
620	16816
1609	11134
1262	17789
264	16263
411	16502
1994	22255
1079	20980
1140	14103
75	12451
175	12585
1888	11551
1166	10512
1206	21174
1708	18389
189	19660
1754	14980
837	13624
668	9798
1695	21867
2294	12168
696	13395
2167	11969
1456	14563
597	13264
1470	21567
2090	22396
602	20309
541	16709
28	15929
1270	10657
2331	19277
1960	22211
914	17265
508	9575
9	15902
3	12367
2148	11940
2341	22744
1537	14689
2154	11956
1099	14043
1263	21259
474	13062
1665	18348
90	8912
1831	15087
1108	10437
1569	14734
1886	22119
2251	22633
413	16509
605	16796
916	13757
611	13287
1679	21851
1734	11311
151	16092
276	16285
1779	21964
2420	19406
167	12568
710	13418
1453	10895
1238	17751
257	19780
2529	24951
3724	28323
3775	30297
3707	30218
2471	26764
3306	25915
2451	22908
2888	25414
2568	25009
2546	23023
2892	29147
2520	22989
3822	24682
3544	26222
3453	26110
3826	28440
3097	25653
2441	26718
3372	24095
2566	23052
2779	23310
3804	30329
3518	28057
3824	28436
2469	22922
3733	28338
3841	26593
3161	29498
3930	26690
3579	30066
3246	29621
3123	23739
2434	22886
3854	30393
2539	24964
2553	23037
3754	30275
3585	28171
2941	27301
3253	25836
2905	23458
2925	23483
3282	23943
2788	27140
3276	27745
3616	28203
2768	23288
2932	25452
2767	28970
3661	30169
3842	26595
2808	27158
3122	29454
2984	23558
3356	29781
2642	25095
3230	29585
3684	30194
3778	30300
2830	29079
3268	29651
2869	25386
2731	27065
2762	28967
2671	26999
2556	26875
3402	27931
2949	29216
2614	25059
3390	29830
2791	27143
3391	24114
3651	24457
2864	25380
3204	23826
2490	28650
2660	25113
3008	27407
3019	29314
2485	28648
3659	24469
3867	28501
2453	22911
3168	23791
2789	29011
3016	25553
2484	28647
3497	24235
2874	27227
2569	26890
3134	29461
3612	30108
3803	30327
3175	23795
2708	27038
2940	25467
2828	23383
3316	24009
3485	28019
3785	28391
2609	26939
3907	24771
2975	27356
2512	28676
2424	22874
2581	26904
3819	26568
3742	28351
3790	26528
3086	23689
3436	26082
3020	27420
3670	30178
2893	23450
3878	26626
3018	25558
3487	26161
3721	26435
3644	30144
2942	23499
2514	28681
2675	28863
3796	28402
3339	25962
3231	25811
2959	29230
3363	29789
3200	25769
2854	27201
3305	29704
3344	29766
3534	28079
2766	28969
2580	25021
3312	29714
3271	27739
2851	23404
3673	28262
2999	25536
3597	24379
3701	24509
2517	26820
3506	28044
2714	25205
2755	25252
2648	23148
3888	26644
3926	24795
2853	29102
2943	23502
3540	29997
3164	23789
3439	24159
3513	26184
3523	28061
3851	28473
3517	24260
3189	25760
2634	25084
3737	28339
2697	27026
2479	26771
2756	25253
3552	24303
3126	25684
2988	27373
2618	25062
2481	28638
2428	28591
2733	27069
3563	30031
3663	26364
2883	25408
3178	27610
2935	23490
2688	28884
2456	28618
2955	23521
3294	27772
2430	28592
3820	24677
3057	29365
3722	26436
2458	24856
2889	27244
3162	29499
3911	30443
3304	29703
3758	24603
3357	29782
3027	23609
2494	22949
2752	28956
2918	27268
3089	27504
3572	26258
3067	29374
2530	26837
2695	28888
3263	27728
2467	28625
2632	23133
2442	24842
2562	28741
3611	24404
3132	23748
2924	29186
3837	26583
2457	22913
3158	29490
3628	30125
3142	23760
3561	26241
3005	29295
2928	25447
3766	30290
3206	23827
2927	25445
3581	26279
3078	29391
3533	29991
2958	29226
3370	27886
2775	23304
3118	29450
3862	26616
3748	24588
3365	29792
2726	25213
3488	29947
2931	27284
3311	27797
3199	29546
3768	24613
2613	26942
3314	27802
3594	26292
2757	23275
3059	29366
2839	29086
2559	26876
3023	25573
2654	28830
2669	25134
3532	29990
3604	30100
2761	28963
2629	23128
3720	30233
2465	22917
3477	28006
3755	28365
3486	29945
3382	24102
3458	27981
2673	27000
2926	27276
2449	28613
3433	24150
3007	23585
3208	29554
2548	24985
3639	26345
3861	24726
2596	25039
2495	22950
2961	29232
3725	24545
3441	26092
3069	29379
2753	23269
3693	24506
3400	29842
3396	29837
3741	26464
3174	25744
3196	27627
3323	29737
2604	23111
2909	23463
2617	26944
3429	26074
2960	27341
3212	29560
2560	26877
3082	29398
3624	30119
2992	27381
3322	29735
3831	24692
3299	29700
3121	25679
3151	27570
3374	27897
3690	30201
2915	23472
2740	23254
2603	28783
2450	26732
2547	23029
3920	24783
3908	26661
2818	23375
2965	23541
3232	23877
3163	27582
2455	24855
3805	30330
3283	23953
2422	26694
3119	29451
2703	28902
3855	28481
2509	22972
3827	30358
3553	30013
3635	28221
3695	28287
3903	26658
2477	24877
2650	25099
2497	26785
2742	25236
3329	24031
3514	24256
3600	28188
3696	30211
3025	29321
2677	25153
3265	27731
2641	26968
2570	26891
3777	26522
2856	25366
3772	26517
3401	29843
3802	24650
3156	27579
3117	23735
3343	25967
2658	25111
3595	28179
3914	30445
2908	23464
2954	27331
3800	24648
3036	29341
3735	26453
2563	25000
2743	25237
3801	26538
3070	27483
3847	28469
3494	24230
3094	27511
3236	27687
2439	24840
2910	23465
3452	27978
3779	28388
2659	23159
3773	26518
3835	28453
2998	25535
2802	29038
3900	24765
3484	29943
3235	29600
3923	24790
3928	26689
3814	28421
2986	27371
2799	27151
3152	23773
2906	27256
2820	29066
2884	29140
3473	24208
2466	22918
2810	23363
3648	30147
3662	24473
2724	27056
2528	28702
3504	26171
3033	23629
2508	28667
2486	24889
3705	28300
3734	26446
3192	29538
3897	30432
3880	24743
3529	26210
3109	23718
2749	23266
3335	24039
3115	27538
3417	24137
2493	28652
2657	23157
2644	25097
2739	27080
3345	29768
2991	27382
3627	28216
2725	23234
3481	28011
3763	28376
3817	24673
3048	23654
3717	24533
3476	29937
3105	27528
3810	26548
3925	26686
3756	26487
3205	29550
3747	24587
3640	24438
3519	26195
3716	26427
2435	26711
2747	25243
3440	29885
3446	24173
3144	27563
2801	23351
3685	28270
3789	28393
3449	24174
2782	28997
2746	27086
3103	25662
3244	23893
2575	23071
2814	23372
2567	25006
3239	23886
2599	26930
2702	23212
2835	23388
3298	25906
2593	26922
2914	29175
2933	23488
3110	29436
3629	24426
3482	26151
3098	27516
3223	25799
3613	24407
4414	36501
4505	34991
4684	33659
4067	30700
4089	34308
4285	31093
4123	34362
4330	36363
3981	32353
4226	32741
4588	35153
4439	34880
4706	35368
4702	33681
4870	35628
4826	37274
4275	31078
4660	31778
4023	30631
4830	37288
4589	33476
4841	37306
4808	33855
4686	31833
4068	34273
4612	35205
4761	31981
4539	31549
4887	35659
4675	35332
4755	37161
3967	35778
4333	36378
4570	33430
4025	34205
3954	35746
4566	33425
4872	37361
4018	34192
4849	32136
4117	34348
4130	30808
4227	30983
4695	37047
4707	33694
4843	37309
3991	30566
4267	31062
4638	33577
4397	36475
3951	34083
4321	32927
4651	31767
4244	31012
4332	32959
5381	39160
4946	38553
5244	37889
5043	37577
5240	40098
5238	37873
5623	39490
5493	39304
4990	40900
5303	37963
5700	39621
5545	40557
4936	37458
5134	39942
5587	39445
5072	38727
5308	41305
5659	38455
4951	38560
4988	37518
5297	41292
5711	41879
5319	40203
6339	42925
5883	43240
5827	43154
6186	44709
5835	43174
6129	42583
6049	42441
5770	43069
5977	45391
5877	44250
5796	44119
5935	43331
6048	42439
6169	42651
5818	45185
5909	45303
5891	45275
5786	41984
6298	42859
5869	43216
6241	45813
6306	42871
5819	42035
6233	43777
6255	42804
5993	45422
5900	42176
6106	45579
6225	45787
5810	43129
6164	42646
5783	43089
5999	43430
6181	45703
6324	43910
6267	45866
6303	43877
5931	42243
6030	44480
5814	43134
6032	44484
6173	43677
5824	43150
5817	44149
6332	45948
5921	43313
6100	44588
6317	45936
5888	43247
6070	43543
6089	42511
6258	45855
6017	44452
6277	43840
5741	44032
6162	44675
6146	42619
5938	45349
5735	41911
6228	44773
6384	45039
6001	42337
6308	44915
6098	43574
5764	44072
5842	44187
6112	44612
6289	43860
5939	45352
6060	42462
5997	42332
6247	45835
6120	44620
5816	45178
6330	44952
6104	44593
6787	47557
6517	46226
6983	47886
6619	49205
6513	49037
6950	48762
6548	48183
6880	48660
6837	49517
6891	48681
6986	48824
6470	47076
6504	48100
6637	47329
6433	46109
6603	49178
6778	49431
6967	48782
6498	48088
6402	46052
6428	48907
7269	51321
7021	52119
7101	53371
7413	50331
7238	52424
7198	51209
7613	50599
7389	51485
7814	52029
7215	52380
7435	50359
7729	54245
7423	51516
7488	53903
7235	51264
7006	50949
7311	53670
7553	51689
7735	51940
7230	51256
7531	53959
7380	51469
7412	50328
7231	52413
7362	53733
7079	53354
7427	53820
7556	50509
7390	51488
7711	53072
7132	52256
7093	52206
7244	52435
7629	51783
7027	50972
7609	54062
7308	51381
7674	53018
7746	51100
7673	50700
7846	53241
7274	53621
7779	50834
7294	50183
7471	52701
7684	54166
7703	53060
7816	52033
7610	51761
7654	52985
7733	53115
7342	52553
7005	49806
7628	54091
7492	51596
7114	49932
7812	54347
7795	52003
7179	53474
7857	50935
7612	50597
7803	52016
7740	54264
7339	52550
7666	51849
7025	52124
7109	53377
7228	52407
7349	51420
7320	52527
7433	51530
7737	53122
7368	51457
7306	52515
7601	54051
7065	51016
7677	54161
7257	50139
7383	50293
7527	51652
7513	53936
7764	51973
7790	54315
7811	50874
7631	52936
7146	51128
7161	52295
7813	50875
7861	50938
7440	53838
7695	54183
7657	50671
7544	52803
7563	51702
7503	53930
7709	50737
7597	51746
7094	49907
7384	50294
7532	50487
7595	52880
7031	49841
7445	50369
7744	53125
7096	49910
7591	54035
7401	51502
7734	51938
7564	52829
7059	51004
7554	53978
7694	51889
7209	50063
7847	54389
7041	49854
7226	53551
7351	53719
7081	52186
7668	53010
7579	51726
7222	52398
7712	54210
7530	53958
7099	49915
7723	54237
7682	51864
7781	54303
7787	51993
8383	55704
8007	56712
8176	56919
7924	56603
8425	55745
8120	54729
8364	57129
8096	56096
7967	54518
8458	55774
8209	56956
7909	54458
8147	56158
8315	56344
8311	57072
8351	57115
7976	54531
8411	56454
8464	55779
7984	55221
8275	55578
8473	57259
8212	54821
8178	56924
8154	54771
8195	54804
8168	56176
8319	56346
8048	55317
8255	54876
7993	56690
7908	54456
8289	56313
8474	57262
7866	55817
8416	56460
8017	56721
8347	56392
8247	54866
8049	55318
8041	55298
8221	54833
8043	56743
8367	55685
8142	56151
8381	57149
8388	57164
8433	55753
7937	55889
8112	56112
7992	54563
8068	56779
8406	57181
8233	55529
8194	54802
8401	56444
8387	57162
8024	55278
8429	56472
7990	54555
8269	55574
7983	55931
8140	56150
7943	56621
8051	54647
7913	55861
8302	56330
8031	54623
8251	54867
7900	54446
8478	55099
8253	57004
8395	55719
8339	56377
7899	55847
8029	56726
8110	55402
7947	55187
8065	55340
8241	56254
8323	57084
8345	56390
8117	56115
7873	54423
8259	55554
7994	55957
8075	55356
8155	55458
8343	54966
8134	54752
8661	57869
8768	57631
8750	57611
8514	57681
8657	58211
8654	57502
8547	58070
8765	57626
8701	57902
8684	58598
8695	58612
8498	57657
8631	57832
8709	57911
8680	57536
8622	57817
8629	57465
8540	58059
8512	57310
8777	57639
8565	57754
8601	57788
8521	57321
8697	58243
8580	58112
8608	57436
8689	57887
8520	57688
8781	57648
8725	57589
8740	57600
8615	57807
8590	58122
8586	58471
8774	57988
8492	58001
8496	57288
8665	58221
8707	58261
8637	58536
8735	57942
8507	58376
8546	57724
8558	57376
8745	58668
8592	58126
8726	58286
8724	57587
8732	57940
8566	58450
8584	57770
8516	58388
8648	57855
8612	58142
8667	57522
8771	57632
8515	57682
8658	58214
8534	57344
8669	58225
8694	58239
8742	58664
8593	57416
8673	57529
8700	58251
8552	57733
8651	58200
8641	57483
8702	58627
8574	57396
8493	57283
8640	57843
8604	58501
8775	57635
8660	58215
8628	57828
8761	58688
8545	58428
8647	57495
8614	57805
8772	57987
8500	57290
8714	58271
8736	58657
8670	57877
8717	58276
113	8939
587	20285
190	9073
1419	14519
1037	20907
1804	11425
1489	14632
1534	18174
1497	14649
1878	11534
1763	18470
1987	11686
285	12789
1245	14271
2172	19036
1181	14155
1972	22227
137	19597
1482	10961
1341	17900
1613	11146
1111	17570
1272	21274
2099	22411
770	20526
1512	18154
1995	18771
1138	10473
198	9084
2069	11816
776	9937
2379	19354
1908	18662
179	9051
1137	14091
699	20433
1712	14926
526	9607
2295	15725
13	19425
1118	17586
636	16830
211	12642
2330	22737
456	13032
1424	14526
252	16231
1451	10893
545	20224
953	10225
520	16681
277	16286
129	8961
540	13179
2091	15456
996	13872
2050	11785
1969	22226
1467	21562
87	16004
1322	14383
1184	10537
1792	21984
1951	11621
73	19504
995	17377
1769	18481
607	20322
748	13472
1004	13879
1005	10294
997	20841
1281	14330
840	17123
1875	18622
998	17383
970	20821
1670	14859
2381	12305
58	19485
105	8931
1752	21930
1362	21414
1273	17813
979	17358
220	16183
2370	12292
863	17166
216	12647
1464	14581
42	8854
416	20032
1842	15098
140	19602
1095	21017
1872	11524
994	17376
533	16697
2116	22438
881	10125
933	10197
709	9842
1345	10760
1646	11187
1447	10885
185	9059
1757	11351
2259	19167
123	16046
2056	18862
775	13519
2375	19346
1830	22026
274	12779
1707	14918
2182	15577
1900	22139
368	16435
205	19695
746	9889
1614	21785
722	13435
423	20042
989	17369
1086	20991
1274	21277
2138	22469
342	12889
792	13539
303	12825
1643	14831
344	12891
2210	22579
1550	14707
1207	14195
109	12497
1621	18299
1587	18251
1475	10949
1147	17623
1918	22159
26	8829
1545	14699
899	10156
1271	21267
967	10244
2079	11829
1950	22190
371	19966
2107	22423
2010	15337
673	16892
326	19892
1543	21680
945	10208
1465	18060
678	16895
519	13149
1027	10326
767	20519
2183	12001
1961	11641
643	9757
1343	21396
53	12434
882	17194
2281	22679
372	9355
218	16179
732	16966
454	9489
1989	15305
295	19826
461	13044
983	13847
2344	22751
1449	10887
1025	13907
1211	17705
1221	14215
450	13018
670	9804
510	9579
942	20794
669	16876
2187	19055
1174	21126
445	13008
1845	11484
1125	21061
976	13836
2371	12294
2126	22456
2029	22321
254	9175
567	9660
635	20361
1931	22172
935	13790
1200	14186
1157	10494
2396	19371
884	17201
2044	15377
1331	21381
580	20269
826	17105
2085	11838
453	9483
761	9917
1626	21799
665	20389
892	17211
1056	10370
290	16304
1907	18661
2286	22685
1253	10634
1777	11382
1978	15287
1210	14196
2046	11778
402	12961
939	13796
1645	14834
296	12799
89	19521
3596	26294
3287	23964
3455	24182
2583	28757
3334	25953
2805	29045
3251	29630
3522	24265
3281	29666
3471	24204
3919	30448
3191	29537
3241	27698
2444	28605
3665	26367
2653	25107
3836	30371
2652	23151
3403	27935
2513	22980
2887	29141
2842	29089
3353	27865
3038	27449
3393	26036
2797	23347
3588	24369
3771	26516
2679	25157
3678	30186
2639	25091
2588	25033
3770	30295
2784	25280
3326	27824
3418	26066
3030	25584
3890	28524
3593	26290
3891	28529
2798	23349
2982	23556
3216	25784
2843	27182
2855	25365
2920	27270
3362	27874
2689	25169
3879	26627
3143	23762
3823	28434
2706	28907
3893	28535
2643	25096
3331	29748
2701	27033
3413	24131
3672	28260
3028	23612
2716	25207
3904	24770
3580	30067
2573	26894
3056	25610
2969	29245
3738	26457
3080	27495
2630	28806
3292	23971
3088	25647
2826	23381
2964	29235
2967	29241
3275	27743
2902	27254
2536	23006
3807	26546
3530	24282
2723	27055
3656	30158
3224	29578
2625	25071
4511	33319
4306	34643
4711	33703
4906	32243
4077	35961
4454	33187
4351	32992
4827	33891
4791	32023
4750	31958
4287	32844
4341	36389
4915	37424
4024	30635
4166	32650
4632	35251
4262	34581
4626	36930
4376	36444
4121	36004
4656	36987
4884	37385
4041	32461
4398	33076
4312	34654
4026	30639
4120	36003
4083	34297
3971	30526
4298	31115
4292	36287
4042	34240
4220	34514
4491	36655
4196	30931
4017	30618
4720	35398
4366	33028
4629	33566
4381	36457
4665	31788
4370	33042
4584	31622
4369	31272
4436	34870
4430	34852
4809	37240
4183	34460
4008	30598
4610	33525
4885	32202
4126	32584
4604	33513
4060	30694
4206	32710
4810	32070
4346	32981
4624	35228
4085	34303
4476	36621
4223	34518
4280	36266
4362	36420
4426	31341
4734	35419
3966	35775
4559	36776
4817	33879
4705	31862
4466	34922
3975	34113
3987	35802
4718	37101
4816	35554
4746	31951
4802	35520
4173	34450
4805	33847
4852	33942
4459	36602
4568	31589
4866	35623
4316	31157
4385	33065
4917	37427
3965	32339
4497	33287
4898	34023
3963	34103
4587	31638
4198	34481
4375	34776
4763	35464
4603	33509
4098	32541
4390	36466
4056	35936
4490	31449
3970	35781
3960	30508
4653	35294
4256	32784
4825	37272
4428	33121
4009	30599
4391	33069
3950	32310
4889	34009
4774	32003
4449	31380
4010	30602
4811	32072
4364	34757
4118	30779
4579	36822
4299	31119
4838	32114
4407	33090
4382	34785
4200	34485
4169	30888
4687	37041
4179	34456
4108	32556
4873	32171
4553	33404
4572	31599
4283	32832
4703	33682
4229	32748
3949	34082
4040	34234
4131	36028
4630	36942
3940	34075
4031	34214
4850	33939
4276	36263
3983	32357
4662	33629
4797	32045
4679	31818
4350	31225
3935	32286
4905	34038
4556	31565
4833	32105
4775	32005
4875	33977
3988	34138
4029	32428
4021	34198
4480	36630
4670	31804
4857	35606
4217	34511
4846	33926
4576	36811
4575	35135
4380	31287
4446	33163
4487	33266
4314	31148
4453	33186
3972	30528
4207	34489
4899	32226
4739	31939
4394	36473
4473	31412
4325	32942
4177	32663
4551	33401
4776	35477
4517	36713
4334	36381
4495	33280
4521	35014
3997	30579
4815	33877
3962	35764
4726	33735
4770	33791
3995	34153
4372	36439
4478	33231
4680	31822
5640	38430
5479	40457
5602	40630
5131	38809
5360	38056
5027	40936
5269	41268
5710	39630
5679	41829
5446	40414
5609	40640
5151	37741
5472	41564
5098	39886
5495	41588
5293	37952
5312	37972
4959	40849
5371	41407
5712	38524
4972	40878
5541	41651
5085	37629
4938	40834
5722	41895
5667	39555
5330	39073
5468	40441
5672	39563
5057	39811
5720	41894
5225	38934
5318	41319
5553	41660
5278	40159
5210	37820
5652	39528
5690	38494
5644	38436
5449	41523
5148	37735
5660	40709
5084	38746
4926	39655
5459	41540
5073	39835
5132	38810
5713	40802
5426	40390
5453	40421
5448	40417
5167	38862
5588	40611
5077	41000
5112	41038
5617	41750
5558	40583
4971	39700
4929	40825
4944	38552
5267	38983
4966	39691
5469	41558
5527	39350
5174	41136
5513	38276
5060	38708
5466	40439
5517	40495
4969	37500
5111	37666
5291	40178
5342	38025
5215	41187
5170	38864
5074	38731
5214	38919
5547	40561
5367	38079
5630	38414
5728	39653
5066	37604
5683	38488
5622	38401
5194	37796
5684	39587
5038	40946
4957	39673
5035	38676
4999	40906
5290	40177
5484	41573
5150	41099
5233	37861
5254	40123
5080	38739
5661	38456
5615	41748
5589	38364
5717	39638
5586	38362
5246	40112
5478	41570
5686	38493
5685	38492
5862	42105
6163	45686
6047	45496
6299	44893
6081	43555
6351	43960
6175	42661
6624	49214
6406	46964
6634	48307
7835	50910
7586	52866
7656	50669
7752	50803
7542	52801
7437	53834
8376	55692
8115	56113
7939	54487
8442	56484
8118	54725
7871	55821
8246	56263
8027	55282
7964	55912
8033	55293
8001	54586
7936	55177
8046	54628
8254	57008
7888	56566
8099	55391
8301	57061
8232	54848
8391	57166
8240	55536
8576	58461
2179	11993
135	19590
614	16804
2103	15472
929	13778
555	13208
1476	18096
883	13703
1256	10635
561	9652
1610	14793
564	9654
2377	19351
1940	18697
1624	11156
612	20328
333	19902
2372	19344
1552	21686
1030	10330
2416	15879
1358	17919
2221	19108
2115	18949
1268	17805
705	16928
16	12390
529	13165
1337	10754
3795	28401
3607	30102
2524	28700
3808	28413
3302	25910
2862	27208
2552	28732
4412	31327
4074	35957
6044	42432
6314	43901
6338	43929
6718	46509
6825	48577
6911	46801
6704	48401
7614	54067
7293	52495
8674	57530
1320	17871
2315	19252
783	20537
1827	22024
33	12413
1672	21845
568	9664
588	20289
118	16039
104	19547
981	13843
1415	10839
490	13085
577	13234
940	17312
812	17078
1511	11006
806	20564
1071	13997
2356	22766
556	20239
148	12552
2191	19060
1100	17542
1430	10861
2102	11862
1984	11678
1452	18037
1494	14643
715	20454
2384	19356
616	9729
685	20420
2280	15714
1662	14853
2376	22799
787	13534
431	20059
1009	10302
429	12989
1413	10837
1155	14120
8	8800
217	19712
1655	11203
512	13133
1293	17833
2242	15667
1744	18449
2821	27165
3626	28212
2464	26756
2758	27098
2912	25429
2699	23206
3703	30214
4216	34509
4304	31123
4902	37405
4091	35973
4470	36613
4839	33917
5279	38999
5120	37688
4943	40839
5168	41128
5440	40412
5634	41773
5522	41616
5405	41459
5388	38111
5377	38102
5584	41698
5345	41366
5601	40627
4997	37527
5204	38904
5326	39064
5595	38370
5126	41057
5090	39872
5594	39456
5096	41021
5538	38312
6272	43830
6291	45898
5919	43310
5852	45235
6132	42595
6183	44698
5880	45266
6383	42988
5893	42161
5952	43349
6158	42634
5780	41971
5978	44393
6206	45743
6320	44941
5808	45164
5925	45329
6071	42488
5750	45098
5833	44165
6065	44541
5940	45353
6075	44552
5875	44244
6038	42422
5982	42311
6045	42433
6080	42503
5778	45130
5865	45243
6355	45993
6246	42786
5745	43036
6087	45557
6059	42458
6094	45567
6196	42703
6302	44899
6257	43817
6381	46027
5854	43196
5795	44117
5799	44123
6122	43604
5973	45386
5836	44172
6096	43572
6234	43780
6064	42474
5970	44384
6237	45803
5761	44065
6179	42668
6288	43855
6249	43805
6016	42374
6010	42358
5918	43307
5971	43380
6336	42919
6043	43502
6084	44564
6110	45589
6359	45004
6363	45999
5962	45372
5731	45054
5802	44125
6134	43641
5790	45144
6042	45491
6082	45551
5849	42093
6147	44660
6040	43497
5776	45127
6168	43675
5822	44154
5773	43078
5871	43225
5975	42299
6007	44435
6166	43673
6265	44844
6376	45027
5886	44266
5912	42205
5779	41970
6270	44857
6274	43838
6293	45903
5985	44395
5926	42232
6118	45600
5830	42052
5791	44114
6198	42704
6195	42701
6027	43481
6377	45028
6107	44601
5963	45374
6116	44614
5986	42316
6296	45905
5813	45171
5738	45081
5812	42024
6370	43987
6013	42365
6305	45917
5961	42280
6192	43718
5996	42325
5965	44381
6392	47923
6763	47523
6995	47909
6683	46453
6766	46594
6905	46789
6872	48629
6685	49311
6946	48757
6806	46661
6725	48445
6599	47270
6518	48125
6411	47947
6582	46323
6423	47970
6765	48498
6862	48614
6648	49250
6785	48524
6760	47520
6618	47303
6927	48732
6894	49636
6451	46131
6698	46472
6613	48284
6869	48626
6424	48901
6527	48136
6754	46577
6541	46263
6748	46568
6762	47522
6459	47056
6970	48784
6990	48831
6836	48592
6985	47895
6918	49668
6947	47821
6475	48052
6456	46142
6803	49468
6974	47852
6642	48322
6544	47188
6871	48628
6834	49516
6471	46166
6532	46250
6696	49324
6608	48274
6443	48941
6561	48202
6580	46315
6434	48920
6992	47902
6796	46645
6838	47644
6559	49121
6744	46560
6650	47353
6738	48464
6398	46953
6758	46585
6396	47931
6467	48044
6583	46329
6436	48925
6881	49596
6435	47992
6401	48866
6481	48065
6726	47470
6511	49032
6989	48829
6666	48359
6566	46299
6601	47276
6636	48309
6750	48479
6932	46848
6851	47654
6473	47086
6657	46416
6520	48129
6832	49514
6579	47249
6584	49160
6689	48385
6900	47756
6586	47263
6576	49141
6585	46331
6968	48783
6954	48767
6464	48970
6991	49790
6421	47968
6831	47634
6847	47651
6915	47771
6417	47956
6885	47735
6633	47325
6775	46608
6626	46386
6444	48943
6819	49495
6888	48679
6531	49062
6828	48580
6442	46124
6840	49521
6523	49051
6581	46322
6660	48346
6739	46551
6403	48868
6539	48161
6797	49465
6639	49235
6497	49013
6773	48504
6575	47234
6622	47308
6638	46390
6703	49333
6395	46948
6681	49304
6964	49747
6512	49033
6912	48703
6966	46881
6808	46667
6632	47322
6979	47869
6476	46170
6884	47731
6955	46873
6907	48693
6605	48264
6419	46089
6899	46783
6686	46456
6521	47147
6659	48336
6924	46837
6756	47514
6577	47237
6933	47801
6643	46398
6563	47220
6604	49179
6761	47521
6554	49113
6798	46649
6684	49310
6551	47202
6715	48430
6647	48328
6477	46171
6509	48115
6771	49416
6844	46693
6430	47981
6429	47979
6943	46856
6730	46544
6801	47583
6629	46388
6418	46084
6897	46782
6777	46615
6492	47117
6662	48349
6711	48417
7638	52945
7003	50946
7327	52540
7024	50968
7123	53394
7178	53473
7045	53310
7841	54381
7548	52807
7714	51903
7547	52805
7788	53163
7675	53019
7731	50780
7743	51949
7699	50727
7248	53586
7763	50820
7717	50752
7080	52182
7817	53195
7158	51149
7328	53699
7557	50510
7271	51325
7593	50572
7804	52017
7426	53816
7121	53392
7824	53209
7833	50906
7326	50234
7843	54385
7312	53671
7457	51556
7418	53807
7177	52323
7745	51951
7590	50570
7262	53601
7765	50822
7499	53926
7622	50615
7480	52724
7463	50383
7421	52652
7023	52121
7518	52771
7604	50586
7259	53597
7151	51136
7192	51195
7376	51465
7789	51997
7357	53727
7686	53041
7020	49825
7485	53896
7722	51921
7105	53375
7676	54157
7224	52399
7181	50025
7772	54298
7063	49881
7359	50264
7585	52862
7340	50248
8290	56316
7891	56568
8303	55607
8034	55294
8292	55597
8063	54659
8135	56864
8035	55295
7934	55886
8152	56161
8490	57652
8754	57967
8672	57527
1034	20904
2226	19111
2042	15375
39	15939
1873	11530
1568	21715
1129	17600
1705	18383
300	12807
2002	15322
2445	22898
3792	24642
2966	27349
3780	24623