1396	21469
4599	33495
5133	37708
2300	19223
1081	20983
1622	21794
1161	17638
3845	30381
3469	29926
3350	27861
2589	26918
2438	24839
3927	28566
4035	34222
4900	32230
4501	36692
5177	38871
5481	41571
5243	37885
5083	37625
6159	42635
6349	43949
6944	48755
6555	48193
6574	48215
7147	49976
7792	50852
7153	51137
8294	55599
8184	56192
7989	54554
8144	56156
8166	54784
8556	58083
8686	57541
8501	57662
8626	58516
8719	58278
8555	57372
8687	57883
8557	57740
1063	10376
872	20685
853	10077
766	13500
729	20473
2338	12222
452	9476
298	19835
76	15990
1765	15003
381	12931
1350	17911
470	13055
1578	11090
921	13762
1991	22251
703	13402
1701	21879
2403	19376
755	20502
1435	21519
1131	17608
1840	22044
1516	11015
1156	14124
1323	17876
2303	19230
1850	22069
2334	22743
261	12747
1403	17983
1495	10987
817	20579
897	13729
1145	17618
383	19980
744	13466
420	20040
1225	10592
1597	21755
2684	27012
3869	24734
3708	24517
3157	23780
2681	23190
3646	30145
3860	26612
3727	28325
3815	28422
3272	25868
3141	29468
2886	27241
2461	28621
3892	30429
2574	28754
2735	27072
3658	30161
2537	28710
2686	23193
2491	22947
3876	30408
3207	27638
3361	25997
3451	26109
2868	29112
2944	27311
2997	23575
2880	25402
3605	24397
2478	26769
3461	27982
3872	26622
3664	26365
2621	25067
4363	34745
4818	33881
4221	34516
4693	37044
4028	35881
4641	35270
4279	34606
4723	35405
4119	34355
4349	31224
4591	35161
4851	37319
4088	32519
4295	36294
3934	32281
4518	33336
4685	31829
4731	33747
3959	35755
3998	34163
4694	37045
4681	31823
4114	34340
4699	35355
5265	41264
4956	37482
5445	38199
5563	40589
5158	38849
5190	38886
5322	37982
5173	38866
4996	37524
5539	39369
5564	41682
5561	41674
5261	38976
5421	39214
4932	37452
5576	40599
5512	38275
5366	39137
5012	39750
6254	42803
6371	45020
6037	44492
5902	42187
6334	44966
5924	43320
6386	44002
5798	41999
5857	45239
6235	43781
5762	43055
5995	43411
5832	42053
5953	44368
6057	45512
6331	45945
5954	43356
6123	45614
6901	49645
6468	48047
6705	48404
6926	47798
6591	47265
6661	47369
6594	47267
6792	49453
6655	47361
6702	47433
6553	48192
6474	47087
6922	48718
6812	46672
6495	46207
6895	47748
6823	47626
6663	48353
6976	47866
6805	47587
6664	49276
6478	48055
6768	48499
7508	50455
7852	54399
7571	52836
7594	50573
7144	49971
7344	52557
7189	50035
7204	50056
7261	51308
7623	54087
7122	51098
7520	53945
7535	51674
7771	53152
7409	53796
7118	53389
7284	51341
7721	54230
7567	54003
7176	53467
7487	50423
7821	54363
7171	53460
7584	51730
7456	50380
7713	51901
7091	52204
7769	54295
7298	52505
7782	54305
7596	52881
7464	52694
7644	51815
7753	50804
7330	53701
8362	57128
8162	54780
8052	56762
8066	55341
8356	54983
8357	55676
8174	56184
8312	55610
8336	54960
8163	56908
7955	55196
8235	56247
8449	55066
7946	56626
7974	55213
7954	54504
8011	55260
7999	56700
8394	55718
7901	55849
7961	55200
7930	55880
8089	56085
8125	56845
8331	56365
8291	56318
8078	56076
7979	56661
8451	55068
7882	56557
8191	56933
7879	55832
8079	54679
8165	56910
8348	56393
8522	58028
8567	57392
8528	57332
8743	58314
8656	57859
8535	58046
8613	58143
8531	57701
8716	58645
8630	57467
8704	58257
8699	58248
8618	57448
8688	57884
8609	58504
8562	58447
8767	58341
8718	58277
8505	57296
8508	58015
8762	57976
1536	21673
972	13834
2348	12247
1098	21022
1871	18611
242	16219
1788	18505
1927	11601
1997	18773
1003	17394
572	20258
147	12546
1902	11576
1702	21880
268	12763
1941	15234
471	9505
654	16850
781	20533
1377	14458
2019	18805
1143	21090
1363	14436
600	9707
1231	21211
751	16996
724	20467
1230	21209
1686	21857
1669	18350
455	20086
640	20364
2014	22287
1896	18647
895	17222
2194	15594
1715	21887
1768	15011
1426	10852
1794	15033
1773	21953
308	16339
862	20670
1803	11423
2170	19034
382	9367
2193	15593
1052	20937
1018	17416
40	12420
2361	22774
1488	21608
2082	11833
1648	14837
659	16865
856	20660
1355	10772
15	12384
1284	10678
1301	14357
2209	15619
2095	18919
1564	11068
1148	14116
134	12521
1982	22240
1190	10542
2297	22692
360	9344
2106	11866
2100	18933
2252	22636
243	16220
1154	21100
1821	15075
1616	11147
72	12448
2414	22848
2215	15627
149	12553
489	20139
920	20763
1912	15208
537	16706
70	19501
1356	10775
2200	15603
511	9581
927	20770
1269	14309
828	10027
2169	11975
2152	11951
1324	17879
771	9931
1647	11186
1288	21303
2063	18888
2021	11739
1588	18253
1425	18010
1315	21359
1446	10880
132	8965
60	19487
764	9918
808	17073
2032	15362
1141	17617
1778	11384
1609	11134
1262	17789
264	16263
1994	22255
1140	14103
175	12585
1206	21174
1708	18389
837	13624
2167	11969
597	13264
1470	21567
541	16709
28	15929
1270	10657
2331	19277
508	9575
9	15902
3	12367
2341	22744
2154	11956
1099	14043
1263	21259
474	13062
1665	18348
1108	10437
1569	14734
1886	22119
2251	22633
413	16509
605	16796
916	13757
611	13287
1679	21851
1734	11311
276	16285
1779	21964
2420	19406
710	13418
257	19780
3724	28323
3775	30297
3707	30218
3306	25915
2568	25009
2546	23023
2892	29147
2520	22989
3822	24682
3544	26222
3453	26110
2441	26718
3518	28057
3824	28436
2469	22922
3161	29498
3579	30066
3246	29621
3854	30393
2539	24964
3754	30275
3585	28171
3253	25836
2788	27140
3276	27745
3616	28203
2768	23288
2932	25452
2767	28970
3661	30169
3842	26595
3122	29454
2984	23558
3356	29781
3230	29585
3684	30194
3778	30300
2830	29079
2671	26999
2556	26875
2949	29216
2614	25059
3391	24114
3651	24457
3204	23826
2490	28650
3008	27407
2485	28648
3659	24469
3867	28501
3168	23791
2484	28647
3497	24235
2874	27227
2569	26890
3134	29461
3612	30108
3803	30327
3175	23795
2708	27038
2828	23383
3316	24009
3785	28391
2609	26939
3907	24771
2975	27356
2424	22874
2581	26904
3819	26568
3790	26528
3436	26082
3020	27420
2893	23450
3878	26626
3018	25558
3721	26435
3644	30144
2514	28681
3796	28402
2959	29230
2854	27201
3344	29766
3534	28079
2766	28969
2580	25021
3312	29714
2851	23404
2999	25536
3597	24379
3701	24509
2755	25252
3926	24795
2943	23502
3540	29997
3439	24159
3513	26184
3517	24260
3189	25760
2634	25084
3737	28339
2697	27026
2756	25253
2988	27373
2481	28638
2428	28591
2733	27069
3563	30031
3663	26364
2883	25408
3178	27610
2935	23490
2456	28618
2955	23521
3294	27772
2430	28592
3722	26436
2458	24856
2889	27244
3162	29499
3911	30443
3304	29703
3758	24603
3357	29782
2752	28956
3067	29374
2467	28625
2442	24842
3132	23748
3837	26583
3628	30125
3005	29295
3206	23827
2927	25445
3581	26279
2958	29226
3118	29450
3862	26616
2726	25213
3488	29947
2931	27284
3311	27797
3199	29546
3768	24613
2613	26942
2757	23275
3059	29366
2654	28830
2669	25134
3532	29990
2629	23128
3720	30233
3477	28006
3755	28365
3486	29945
3382	24102
2926	27276
2449	28613
3007	23585
2548	24985
2596	25039
3725	24545
2753	23269
3693	24506
3396	29837
3741	26464
3323	29737
2604	23111
2617	26944
3429	26074
2960	27341
3212	29560
3082	29398
3624	30119
2992	27381
3831	24692
3151	27570
2740	23254
2603	28783
2450	26732
2547	23029
3920	24783
3908	26661
2818	23375
2965	23541
3163	27582
3283	23953
2422	26694
3119	29451
3855	28481
3635	28221
3903	26658
2477	24877
2742	25236
3600	28188
3696	30211
3025	29321
3265	27731
2570	26891
3777	26522
2856	25366
3772	26517
3401	29843
3802	24650
3156	27579
3117	23735
3343	25967
3595	28179
2908	23464
2954	27331
3800	24648
3735	26453
2743	25237
3094	27511
3236	27687
2910	23465
3452	27978
2659	23159
3835	28453
2998	25535
2802	29038
3235	29600
3928	26689
2986	27371
3152	23773
2906	27256
2820	29066
2466	22918
3648	30147
3662	24473
2724	27056
3504	26171
3033	23629
2508	28667
2486	24889
3705	28300
3734	26446
3192	29538
2749	23266
3417	24137
2493	28652
2739	27080
3627	28216
3481	28011
3763	28376
3817	24673
3048	23654
3476	29937
3105	27528
3925	26686
3756	26487
2435	26711
2747	25243
3440	29885
3446	24173
3144	27563
2801	23351
3685	28270
2782	28997
2746	27086
3103	25662
3244	23893
2599	26930
2835	23388
3298	25906
2593	26922
2914	29175
2933	23488
3110	29436
3629	24426
3482	26151
3098	27516
4505	34991
4089	34308
4123	34362
3981	32353
4702	33681
4870	35628
4826	37274
4660	31778
4023	30631
4841	37306
4808	33855
4686	31833
4068	34273
4675	35332
4755	37161
4333	36378
4570	33430
4025	34205
3954	35746
4872	37361
4018	34192
4130	30808
4227	30983
4695	37047
4707	33694
4397	36475
3951	34083
4321	32927
4651	31767
4332	32959
5381	39160
4946	38553
5493	39304
4990	40900
5700	39621
4936	37458
5587	39445
5072	38727
5308	41305
5659	38455
4951	38560
4988	37518
5297	41292
5711	41879
5827	43154
6186	44709
5835	43174
6129	42583
5770	43069
5877	44250
5796	44119
5818	45185
5909	45303
5891	45275
5786	41984
5869	43216
6306	42871
5819	42035
6233	43777
6255	42804
5900	42176
6225	45787
5810	43129
6164	42646
5999	43430
6267	45866
5931	42243
6030	44480
6032	44484
6173	43677
5824	43150
5817	44149
5921	43313
6100	44588
6317	45936
6070	43543
6277	43840
5741	44032
6162	44675
5938	45349
5735	41911
6228	44773
6384	45039
6001	42337
6308	44915
6098	43574
5764	44072
5842	44187
6289	43860
5939	45352
6060	42462
5997	42332
5816	45178
6787	47557
6983	47886
6513	49037
6950	48762
6548	48183
6880	48660
6986	48824
6470	47076
6433	46109
6603	49178
6778	49431
6967	48782
6402	46052
7021	52119
7101	53371
7413	50331
7238	52424
7198	51209
7814	52029
7215	52380
7435	50359
7729	54245
7488	53903
7235	51264
7311	53670
7735	51940
7531	53959
7412	50328
7231	52413
7362	53733
7079	53354
7556	50509
7390	51488
7132	52256
7093	52206
7629	51783
7027	50972
7609	54062
7308	51381
7746	51100
7673	50700
7779	50834
7294	50183
7471	52701
7610	51761
7654	52985
7733	53115
7342	52553
7628	54091
7114	49932
7812	54347
7179	53474
7857	50935
7803	52016
7339	52550
7666	51849
7025	52124
7109	53377
7228	52407
7320	52527
7433	51530
7737	53122
7368	51457
7306	52515
7601	54051
7677	54161
7257	50139
7383	50293
7527	51652
7146	51128
7813	50875
7440	53838
7563	51702
7503	53930
7709	50737
7597	51746
7094	49907
7532	50487
7595	52880
7445	50369
7744	53125
7591	54035
7401	51502
7734	51938
7564	52829
7554	53978
7209	50063
7041	49854
7226	53551
7351	53719
7081	52186
7579	51726
7222	52398
7530	53958
7099	49915
7723	54237
7781	54303
8383	55704
8007	56712
7924	56603
8120	54729
7967	54518
8458	55774
8209	56956
8147	56158
8315	56344
8311	57072
8351	57115
7976	54531
8168	56176
8319	56346
8048	55317
8255	54876
7993	56690
7908	54456
7866	55817
8416	56460
8247	54866
8041	55298
8043	56743
8142	56151
8388	57164
8433	55753
7992	54563
8068	56779
8406	57181
8194	54802
8401	56444
8429	56472
7990	54555
8269	55574
7983	55931
8140	56150
7913	55861
8031	54623
8251	54867
7900	54446
8478	55099
8253	57004
8395	55719
7899	55847
8029	56726
8110	55402
7947	55187
8323	57084
7873	54423
8259	55554
7994	55957
8075	55356
8155	55458
8343	54966
8661	57869
8750	57611
8514	57681
8657	58211
8654	57502
8547	58070
8701	57902
8695	58612
8680	57536
8622	57817
8777	57639
8601	57788
8521	57321
8697	58243
8580	58112
8608	57436
8689	57887
8781	57648
8725	57589
8740	57600
8615	57807
8590	58122
8586	58471
8492	58001
8496	57288
8665	58221
8707	58261
8637	58536
8558	57376
8592	58126
8726	58286
8724	57587
8732	57940
8584	57770
8648	57855
8771	57632
8658	58214
8694	58239
8742	58664
8593	57416
8673	57529
8702	58627
8574	57396
8493	57283
8604	58501
8775	57635
8660	58215
8761	58688
8772	57987
8714	58271
8736	58657
8670	57877
8717	58276
587	20285
190	9073
1037	20907
1489	14632
1878	11534
1245	14271
1181	14155
1972	22227
137	19597
1482	10961
1111	17570
1272	21274
2099	22411
770	20526
1512	18154
1995	18771
1138	10473
198	9084
2069	11816
2379	19354
1908	18662
179	9051
1712	14926
526	9607
13	19425
1118	17586
456	13032
1424	14526
252	16231
1451	10893
545	20224
953	10225
520	16681
277	16286
540	13179
2091	15456
996	13872
2050	11785
1467	21562
87	16004
1184	10537
1792	21984
1951	11621
73	19504
995	17377
1769	18481
997	20841
1875	18622
998	17383
970	20821
1670	14859
2381	12305
1752	21930
1362	21414
1273	17813
979	17358
220	16183
863	17166
1842	15098
1095	21017
994	17376
533	16697
2116	22438
881	10125
933	10197
1447	10885
1757	11351
2259	19167
123	16046
775	13519
2375	19346
274	12779
1707	14918
2182	15577
1900	22139
368	16435
205	19695
746	9889
1614	21785
722	13435
423	20042
989	17369
1274	21277
792	13539
303	12825
1643	14831
344	12891
2210	22579
1550	14707
1207	14195
1587	18251
1475	10949
1147	17623
1545	14699
899	10156
1271	21267
967	10244
371	19966
2107	22423
673	16892
1465	18060
767	20519
2183	12001
1961	11641
643	9757
1343	21396
53	12434
2281	22679
218	16179
732	16966
1989	15305
295	19826
461	13044
983	13847
2344	22751
1449	10887
1025	13907
1211	17705
1221	14215
450	13018
670	9804
942	20794
669	16876
2187	19055
1174	21126
1125	21061
976	13836
2371	12294
567	9660
1200	14186
1331	21381
580	20269
826	17105
453	9483
1056	10370
290	16304
1907	18661
2286	22685
1253	10634
1777	11382
1210	14196
402	12961
939	13796
296	12799
89	19521
3596	26294
3287	23964
3455	24182
2583	28757
3334	25953
3471	24204
3919	30448
3241	27698
3665	26367
3836	30371
3403	27935
2513	22980
2887	29141
2842	29089
3353	27865
3038	27449
3393	26036
2797	23347
3678	30186
2639	25091
2588	25033
3770	30295
2784	25280
3326	27824
3890	28524
3593	26290
2982	23556
2843	27182
2855	25365
2920	27270
3362	27874
2689	25169
3143	23762
3823	28434
3893	28535
2643	25096
3331	29748
2701	27033
3413	24131
3672	28260
3904	24770
3580	30067
2573	26894
2969	29245
3080	27495
2630	28806
3088	25647
2967	29241
2902	27254
2536	23006
3807	26546
2723	27055
3224	29578
4306	34643
4906	32243
4077	35961
4351	32992
4827	33891
4750	31958
4287	32844
4915	37424
4166	32650
4632	35251
4262	34581
4626	36930
4376	36444
4656	36987
4884	37385
4312	34654
4120	36003
4083	34297
3971	30526
4292	36287
4042	34240
4196	30931
4017	30618
4366	33028
4629	33566
4665	31788
4370	33042
4584	31622
4436	34870
4430	34852
4809	37240
4183	34460
4610	33525
4604	33513
4060	30694
4206	32710
4810	32070
4346	32981
4624	35228
4085	34303
4476	36621
4362	36420
4734	35419
3966	35775
4559	36776
4817	33879
4466	34922
3987	35802
4816	35554
4746	31951
4852	33942
4459	36602
4385	33065
4917	37427
3965	32339
4497	33287
4898	34023
3963	34103
4587	31638
4198	34481
4375	34776
4763	35464
4603	33509
4098	32541
4390	36466
4490	31449
3970	35781
4653	35294
4428	33121
4391	33069
4774	32003
4811	32072
4118	30779
4299	31119
4838	32114
4407	33090
4382	34785
4200	34485
4687	37041
4108	32556
4873	32171
4553	33404
4283	32832
4703	33682
4040	34234
4131	36028
4031	34214
4850	33939
4276	36263
3983	32357
4662	33629
4797	32045
4679	31818
3935	32286
4905	34038
4875	33977
3988	34138
4670	31804
4217	34511
4846	33926
4576	36811
4575	35135
4487	33266
4314	31148
4453	33186
3972	30528
4207	34489
4899	32226
4739	31939
4473	31412
4325	32942
4776	35477
4517	36713
4334	36381
4495	33280
3997	30579
4815	33877
3962	35764
4726	33735
3995	34153
5602	40630
5360	38056
5269	41268
5679	41829
5446	40414
5609	40640
5098	39886
5495	41588
5293	37952
5312	37972
4959	40849
5371	41407
4972	40878
5541	41651
5085	37629
5667	39555
5468	40441
5672	39563
5720	41894
5225	38934
5318	41319
5278	40159
5210	37820
5652	39528
5644	38436
5449	41523
5660	40709
5084	38746
4926	39655
5459	41540
5073	39835
5713	40802
5426	40390
5167	38862
5588	40611
5077	41000
5112	41038
5558	40583
4971	39700
5267	38983
5527	39350
5513	38276
5466	40439
5111	37666
5291	40178
5215	41187
5170	38864
5214	38919
5547	40561
5630	38414
5066	37604
5622	38401
5194	37796
5684	39587
4957	39673
5035	38676
4999	40906
5233	37861
5254	40123
5080	38739
5615	41748
5717	39638
5586	38362
5686	38493
6163	45686
6047	45496
6299	44893
6081	43555
6624	49214
6406	46964
7835	50910
7586	52866
7752	50803
7542	52801
8376	55692
7939	54487
7964	55912
7936	55177
8046	54628
8254	57008
7888	56566
8099	55391
8301	57061
8232	54848
8576	58461
614	16804
929	13778
555	13208
883	13703
1256	10635
561	9652
1610	14793
2377	19351
1940	18697
1624	11156
612	20328
1030	10330
2416	15879
2221	19108
2115	18949
705	16928
16	12390
1337	10754
3795	28401
3607	30102
2524	28700
3808	28413
2552	28732
4412	31327
4074	35957
6314	43901
6718	46509
6825	48577
6911	46801
6704	48401
7614	54067
7293	52495
2315	19252
783	20537
1827	22024
588	20289
104	19547
981	13843
1415	10839
490	13085
940	17312
556	20239
2191	19060
1100	17542
2102	11862
1452	18037
1494	14643
715	20454
2384	19356
616	9729
1662	14853
2376	22799
431	20059
1009	10302
429	12989
1413	10837
1155	14120
217	19712
1655	11203
512	13133
1293	17833
2242	15667
1744	18449
2821	27165
2912	25429
3703	30214
4304	31123
4091	35973
4470	36613
5120	37688
5440	40412
5634	41773
5405	41459
5388	38111
5584	41698
5345	41366
5601	40627
4997	37527
5204	38904
5595	38370
5096	41021
6272	43830
6291	45898
5919	43310
5852	45235
6132	42595
6183	44698
6383	42988
5893	42161
6158	42634
5978	44393
6206	45743
6320	44941
5925	45329
6071	42488
5833	44165
6065	44541
5940	45353
6075	44552
5982	42311
6045	42433
5865	45243
6355	45993
6246	42786
5745	43036
6087	45557
6094	45567
6196	42703
6257	43817
6381	46027
5854	43196
5795	44117
5799	44123
6122	43604
5836	44172
6096	43572
5970	44384
6237	45803
5761	44065
6179	42668
6010	42358
5918	43307
5971	43380
6336	42919
6363	45999
5962	45372
5731	45054
5802	44125
5790	45144
6082	45551
5849	42093
5776	45127
6168	43675
5822	44154
5773	43078
5871	43225
5975	42299
6166	43673
5779	41970
6270	44857
6293	45903
5985	44395
6118	45600
5791	44114
6195	42701
6027	43481
6377	45028
6116	44614
5986	42316
6296	45905
5813	45171
5738	45081
5812	42024
6305	45917
5961	42280
6192	43718
5996	42325
5965	44381
6763	47523
6995	47909
6683	46453
6766	46594
6905	46789
6872	48629
6946	48757
6806	46661
6599	47270
6518	48125
6582	46323
6765	48498
6862	48614
6648	49250
6785	48524
6927	48732
6894	49636
6613	48284
6869	48626
6754	46577
6541	46263
6748	46568
6459	47056
6990	48831
6836	48592
6475	48052
6456	46142
6803	49468
6974	47852
6642	48322
6544	47188
6834	49516
6532	46250
6696	49324
6608	48274
6443	48941
6561	48202
6580	46315
6434	48920
6992	47902
6796	46645
6838	47644
6744	46560
6738	48464
6398	46953
6583	46329
6435	47992
6401	48866
6511	49032
6989	48829
6566	46299
6601	47276
6636	48309
6851	47654
6657	46416
6832	49514
6579	47249
6584	49160
6689	48385
6900	47756
6576	49141
6968	48783
6954	48767
6464	48970
6421	47968
6831	47634
6847	47651
6915	47771
6417	47956
6633	47325
6775	46608
6626	46386
6444	48943
6888	48679
6828	48580
6840	49521
6523	49051
6581	46322
6660	48346
6403	48868
6797	49465
6639	49235
6497	49013
6773	48504
6575	47234
6622	47308
6512	49033
6912	48703
6632	47322
6979	47869
6476	46170
6884	47731
6955	46873
6907	48693
6605	48264
6419	46089
6686	46456
6521	47147
6659	48336
6924	46837
6577	47237
6933	47801
6643	46398
6604	49179
6554	49113
6798	46649
6715	48430
6647	48328
6477	46171
6771	49416
6844	46693
6430	47981
6730	46544
6801	47583
6629	46388
6777	46615
6492	47117
7638	52945
7003	50946
7327	52540
7123	53394
7178	53473
7045	53310
7841	54381
7548	52807
7547	52805
7788	53163
7675	53019
7699	50727
7717	50752
7080	52182
7817	53195
7328	53699
7271	51325
7593	50572
7804	52017
7121	53392
7824	53209
7833	50906
7843	54385
7312	53671
7457	51556
7177	52323
7590	50570
7262	53601
7765	50822
7499	53926
7480	52724
7151	51136
7192	51195
7376	51465
7789	51997
7357	53727
7020	49825
7485	53896
7105	53375
7676	54157
7181	50025
7772	54298
7063	49881
7359	50264
7585	52862
8290	56316
8303	55607
8034	55294
8063	54659
8135	56864
8490	57652
8754	57967
2226	19111
2042	15375
39	15939
1873	11530
1568	21715
300	12807
2002	15322
2445	22898
3792	24642
3780	24623