1544	22321
4010	29147
4959	34347
5520	38560
6676	44626
2498	20075
1172	21835
1792	22646
1263	18490
4170	31233
4021	29155
3765	30778
3632	28713
2821	27770
3443	28461
4015	29150
2645	25691
4248	29418
4368	35074
4314	31416
4382	36776
5287	33082
4886	34232
4677	32062
4450	36864
4849	37544
4277	31357
6062	40350
5575	39723
6137	42697
5898	42423
6085	40371
5651	38737
5463	38477
5459	39592
6287	45026
6608	43487
6746	46758
6803	44801
7565	49607
7085	49045
7363	48405
7106	49067
6938	48885
8287	51356
7809	50828
8568	51704
7816	51989
7770	54234
9111	56451
8998	57044
8785	55406
8956	57008
8980	55636
8736	56756
9384	58935
9521	58393
9305	58514
9455	59368
9564	59130
9383	58224
9522	58735
9385	58592
1155	11228
927	21537
903	10929
1143	11216
2441	16537
91	16858
800	14352
761	21325
2533	13074
490	10328
317	20687
2096	23023
73	16842
1935	15855
508	13903
411	13783
1490	18763
510	13907
2216	23198
1741	11942
999	14614
2153	23103
728	14254
1673	19002
504	20945
1866	22731
2605	20228
1530	22303
498	13886
788	21354
1548	18833
1579	22371
695	14197
74	13309
1233	18460
2008	22896
1683	11867
1257	14976
2201	12615
1456	18728
1020	18166
2500	20082
2019	22921
2532	23595
279	13599
1551	18835
1657	11839
856	21431
970	14581
1245	18470
293	10051
413	20832
2056	16024
781	14318
455	20892
1336	11444
2329	16404
1759	22607
2925	27864
4192	25586
3663	24949
2909	25990
4020	25369
3414	24632
2923	24042
3955	30997
4182	27464
4041	29177
3970	31018
4135	29274
3546	26720
3399	30320
3135	28093
3504	26673
4130	25507
2668	29473
4219	31281
3040	26149
2764	27709
2803	29606
2977	27924
3966	31013
3144	28097
2756	29562
2928	24045
2706	23799
4197	31260
3472	28490
3645	26849
3741	26961
3118	29964
3196	28163
3257	24427
3128	26254
3908	25249
2629	29441
2689	27621
4254	25657
3965	31011
3751	28834
3991	25348
4195	27474
3976	27217
3447	30379
2850	25919
4858	34162
4701	35597
5197	34733
4547	35368
5042	34500
5063	37896
4360	36733
5008	36122
4600	35458
4833	32300
5099	36257
4406	31578
5018	36143
4444	35207
4684	32076
4676	32058
5261	33038
4951	36013
5021	34461
5242	34804
5236	38171
4757	35684
4415	33371
4713	32129
4622	37146
4258	33133
4864	34188
5054	32681
5107	34599
5175	32901
5246	38202
4279	36607
4693	32103
4326	35015
5064	37897
5051	32675
4898	34252
4439	35192
5070	36207
4828	37498
5627	39774
5482	38509
5672	42116
5331	38334
5860	39051
6001	41441
5563	40844
6057	42608
5554	39701
5591	39738
5410	38412
5894	39090
5732	38834
5570	39718
5376	38376
5970	40221
6002	42534
6167	41665
5997	42526
5668	39828
5834	40066
5313	38304
5551	38598
5454	38465
6011	41451
5932	39127
6143	39359
5747	42201
5784	39989
5409	39520
5388	40602
6713	43655
6823	45872
6184	44873
6487	45344
6364	43039
6594	46508
6630	43521
6788	45818
6385	44172
6842	44854
6664	45601
6231	42831
6246	42851
6310	46091
6392	43096
6681	44633
6208	43907
6444	44263
6279	42905
6483	45334
6407	45220
6304	42951
6568	46451
6512	46364
6784	46797
6409	44208
6575	46466
7511	50497
7343	50265
6948	48899
6914	48850
7273	49256
7152	50041
7420	48477
7544	48650
7133	48117
7227	48221
7135	48119
7372	50305
7216	48213
7270	48285
7082	49044
6958	47939
7537	49570
6976	47035
7070	49954
7406	47524
7269	50182
6993	47059
7409	50338
7504	48600
7421	48478
7230	49205
7491	50473
7078	47127
6999	47980
7605	48718
7419	50353
7391	48439
7472	50430
7233	50128
6963	48907
7342	49351
7138	50018
7535	47675
8451	51571
8233	51307
8641	55251
8310	53688
8331	51425
7804	50823
7653	54127
7697	54167
8051	53409
8232	51306
8285	54825
8254	52502
7868	50887
7887	50908
7956	52160
8369	54939
7942	52133
7820	51995
7778	51950
8248	54797
8269	52526
8549	54004
8119	54648
8533	55138
7774	54241
7982	52193
8488	55082
8316	51406
8307	54855
7848	54319
8616	54077
8351	52611
8205	51275
8156	51217
8469	55040
8601	55215
7837	54312
8321	52582
8168	51232
8481	52753
8037	52262
8171	52409
7743	53056
8546	55147
8004	53357
8558	55157
8238	52477
8560	52841
8333	53733
8174	53546
8111	52350
8610	54066
7843	52025
7780	54247
8176	52412
8398	52667
8526	51656
8033	54553
9174	57980
8976	55632
8857	57614
8873	56193
9170	55835
9171	56528
8988	57036
9125	56462
9152	55812
8977	57760
8739	56048
9048	57099
9253	55919
9252	55918
8684	57431
8796	55428
9011	57800
8970	57752
9146	55800
8726	57478
9230	55883
8759	55378
8871	56908
8762	56065
8738	55356
8704	57458
8806	56112
9244	58063
9211	57295
8798	57552
9206	56570
8683	56701
9245	55909
8746	56052
8707	56732
8899	56937
8939	57697
9144	57217
9103	56440
9108	57170
8943	57713
8887	56928
8770	57513
8697	57448
9254	55920
8671	57409
9003	57785
8669	56684
8889	55531
8979	57762
9163	57245
9336	58880
9397	58244
9433	58280
9426	58638
9451	58305
9515	59082
9382	58588
9341	58184
9591	59166
9495	58711
9405	58617
9352	58557
9357	58898
9442	58995
9350	58553
9450	59008
9607	59182
9560	59497
9461	58319
9546	59109
9538	59100
9447	58300
9339	59251
9523	58736
9437	59356
9391	59299
9340	58884
9618	59193
9600	59173
9563	59129
9615	58479
9370	58571
9553	58423
9308	58148
9445	58297
9467	58326
9577	58444
9315	58867
9611	58828
397	13773
1698	22525
1051	14686
2549	13099
1192	21874
2360	12855
2041	19463
261	17071
1959	19357
2335	19878
1873	12118
2098	12453
2430	12925
2159	19625
1301	22007
1085	18246
607	21110
158	13398
2079	12428
1867	22732
290	13615
2188	23159
2108	16086
194	20511
1030	21654
511	10357
925	18027
683	17702
821	21385
2168	16180
1526	15310
2184	19657
1242	21942
1571	18858
753	21316
1506	15288
638	10559
1344	22063
181	20498
786	17848
135	13367
757	21319
1342	22061
1850	22709
572	14019
1833	19202
496	20938
671	21216
2179	23139
2072	19499
966	18074
2369	16446
1540	15339
1876	22739
1937	15863
2048	22962
977	18093
1574	11704
1965	15885
1941	22805
952	10991
2357	23397
1346	15090
338	17191
588	17582
918	21522
1978	12275
2340	19886
412	10219
2367	16445
133	13366
1727	15579
793	21365
1146	21789
1107	18268
2612	20238
382	17259
1213	18432
42	13272
1361	18610
2559	23626
1646	22460
2242	12685
1816	15689
688	17717
907	21512
1495	11624
15	13236
1418	11530
1437	15209
2388	16471
663	14159
795	14347
2255	19771
878	21474
1524	22293
1722	11920
1250	14968
1349	18594
139	13373
2145	23092
1294	11394
2493	23544
1879	15782
391	10196
2271	12718
1835	15714
2262	19785
1895	12156
2439	23488
262	17072
1856	12080
1153	18336
721	17772
2402	23443
1255	21952
1995	15927
1789	11999
69	13300
2614	23700
2400	16479
161	13405
528	20991
998	21615
2084	16060
577	17558
555	10442
68	20353
1496	11627
2374	16455
1533	15326
549	10433
1006	21622
1140	11211
2337	19883
1397	15161
873	10879
1569	18854
2339	12827
612	17617
2317	12803
396	13768
1983	15906
1458	18731
809	10783
180	16982
1815	12038
1869	19236
1423	22155
2231	19740
235	20569
1899	15800
2163	23114
1477	18750
2185	12591
1750	19105
1573	18862
251	17058
1449	22211
1588	11732
137	9817
60	20339
797	10770
848	17925
1175	14869
177	16980
1089	14734
2199	16214
1239	18469
1949	12236
2470	12994
655	17668
1774	11986
1386	18641
288	17115
447	17354
2155	23107
1169	21832
1238	14955
72	13303
183	13437
2061	12403
1269	11364
1311	22026
1871	19241
196	20512
1922	15832
880	14476
696	10650
1858	22719
2486	13020
722	14247
2336	12821
1606	15415
634	14116
1625	22419
2249	23248
641	21161
582	17561
33	16781
1399	11509
2528	20129
2127	23063
990	18117
543	10427
10	16754
3	13219
2312	12792
2537	23596
1699	15541
2319	12808
1193	14895
1390	22111
516	13914
1830	19200
89	9764
2001	15939
1204	11289
1732	15586
2059	22971
2436	23485
448	17361
642	17648
992	14609
648	14139
1843	22703
1901	12163
162	16944
298	17137
1951	22816
2622	20258
171	13420
738	14270
1603	11747
1355	18603
276	20632
2746	25803
4038	29175
4098	31149
4019	31070
2684	27616
3579	26767
2660	23760
3141	26266
2797	25861
2769	23875
3145	29999
2739	23841
4146	25534
3844	27074
3742	26962
4151	29292
3356	26505
2647	27570
3660	24947
2793	23904
3024	24162
4125	31181
3815	28909
4149	29288
2682	23774
4049	29190
4167	27445
3419	30350
4252	27542
3882	30918
3519	30473
3384	24591
2636	23738
4175	31245
2758	25816
2779	23889
4074	31127
3886	29023
3192	28153
3529	26688
3154	24310
3174	24335
3555	24795
3033	27992
3549	28597
3918	29055
3015	24140
3182	26304
3011	29822
3973	31021
4168	27447
3057	28010
3382	30306
3243	24410
3635	30633
2871	25947
3493	30437
3988	31046
4101	31152
3082	29931
3540	30503
3119	26238
2972	27917
3006	29819
2908	27851
2782	27727
3689	28783
3204	30068
2843	25911
3675	30682
3036	27995
3677	24966
3959	25309
3114	26232
3469	24678
2704	29502
2893	25965
3272	28259
3281	30166
2697	29500
3968	25321
4190	29353
2662	23763
3427	24643
3034	29863
3276	26405
2695	29499
3797	25087
3122	28079
2798	27742
3390	30313
3916	30960
4124	31179
3442	24647
2954	27890
3191	26319
3077	24235
3589	24861
3783	28871
4107	29243
2838	27791
4228	25623
3236	28208
2728	29528
2627	23726
2812	27756
4142	27420
4065	29203
4112	27380
3347	24541
3719	26934
3283	28272
3979	31030
3149	24302
4200	27478
3279	26410
3787	27013
4035	27287
3953	30996
3193	24351
2730	29533
2913	29715
4117	29254
3615	26814
3498	26663
3216	30082
3648	30641
3466	26621
3103	28053
3578	30556
3623	30618
3835	28931
3010	29821
2811	25873
3584	30566
3544	28591
3100	24256
3981	29114
3261	26388
3898	25231
4011	25361
2735	27672
3803	28896
2961	26057
2998	26104
2878	24000
4215	27496
4247	25647
3102	29954
3195	24354
3840	30849
3422	24641
3721	25011
3808	27036
3821	28913
4172	29325
3814	25112
3456	26612
2864	25936
4057	29191
2939	27878
2690	27623
2999	26105
3847	25155
3385	26536
3246	28225
2847	25914
2692	29490
2631	29443
2975	27921
3862	30883
3975	27216
3133	26260
3444	28462
3186	24342
2932	29736
2665	29470
3209	24373
3568	28624
2632	29444
4143	25529
3314	30217
4036	27288
2667	25708
3142	28096
3421	30351
4233	31295
3577	30555
4080	25455
3636	30634
3288	24461
2708	23801
2992	29808
3166	28120
3350	28356
3873	27110
3321	30226
2748	27689
2937	29740
3537	28580
2678	29477
2861	23985
2649	25694
2790	29593
3914	25256
3388	24600
3173	30038
4162	27435
2666	23765
3416	30342
3934	30977
3400	24612
3860	27093
3267	30147
3179	26299
4087	31142
3471	24679
3176	26297
3884	27131
3334	30243
3834	30843
3213	30078
3658	28738
3021	24156
3379	30302
4185	27468
4069	25440
3650	30644
2971	26065
3788	30799
3181	28136
3583	28649
3465	30398
4089	25465
2842	27794
3585	28654
3895	27144
3000	24127
3316	30218
3089	29938
2785	27728
3285	26425
2884	29682
2906	25986
3833	30842
3906	30952
3004	29815
2857	23980
4033	31085
2676	23769
3774	28858
4076	29217
3785	30797
3670	24954
3749	28833
2910	27852
3175	28128
2656	29465
3715	25002
3270	24437
3474	30406
2774	25837
3947	27197
4184	25578
2829	25891
2709	23802
3220	30084
4040	25397
3725	26944
3323	30231
2993	24121
4004	25358
3687	30694
3681	30689
4062	27316
3441	26596
3462	28479
3598	30589
2837	23963
3157	24315
2846	27796
3711	26926
3218	28193
3478	30412
2787	27729
3340	30250
3928	30971
3250	28233
3597	30587
4157	25544
3573	30552
3381	26531
3408	28422
3661	28749
3997	31053
3163	24324
2981	24106
2836	29635
2659	27584
2773	23881
4242	25635
4229	27513
3068	24227
3224	24393
3500	24729
3423	28434
2663	25707
4126	31182
3557	24805
2625	27546
3380	30303
2947	29754
4178	29333
2723	23824
4154	31210
3850	30865
3940	29073
4005	29139
4226	27510
2688	25729
2880	25951
2711	27637
2983	26088
3604	24883
3809	25108
3903	29040
4007	31063
3286	30173
2918	26005
3539	28583
2870	27820
2799	27743
4099	27374
3105	26218
4093	27369
3688	30695
4123	25502
3412	28431
3378	24587
3621	26819
2891	25963
3896	29031
4235	31297
3156	24316
3208	28183
4121	25500
3297	30193
4053	27305
2791	25852
2984	26089
4122	27390
3324	28335
4171	29321
3793	25082
3353	28363
3509	28539
2646	25692
3159	24317
3740	28830
4102	29240
2892	24011
4095	27370
4160	29305
3258	26387
3051	29890
4225	25617
3782	30795
3505	30452
4245	25642
4250	27541
4134	29273
3244	28223
3047	28003
3409	24625
3155	28108
3070	29918
3134	29992
3770	25060
2677	23770
3062	24215
3956	30999
3974	25325
2969	27908
2744	29554
3801	27023
3295	24481
2721	29519
2698	25741
4017	29152
4051	27298
3458	30390
4224	31284
4203	25595
3829	27062
3367	24570
2990	24118
3610	24891
3377	28390
3701	24989
2707	29504
2890	24009
2874	25949
2979	27932
3624	30620
3249	28234
3933	29068
2970	24086
3776	28863
4085	29228
4139	25525
3310	24506
4029	25385
3773	30789
3366	28380
4131	27400
4246	27538
4077	27339
3470	30402
4068	25439
3948	25290
3817	27047
4027	27279
2638	27563
2989	26095
3723	30737
3735	25025
3403	28415
3050	24203
3990	29122
4111	29245
3739	25026
3027	29849
2988	27938
3365	26514
3516	24745
2804	23923
3065	24224
2796	25858
3511	24738
2831	27782
2946	24064
3085	24240
3572	26758
2826	27774
3162	30027
3183	24340
3370	30288
3936	25278
3778	27003
3357	28368
3482	26651
3917	25259
4755	37353
4854	35843
5053	34511
4395	31552
4416	35160
4608	31945
4449	35214
4666	37215
4304	33205
4552	33593
4947	36005
4778	35732
5077	36220
5073	34533
5252	36480
5205	38126
4597	31930
5026	32630
4354	31483
5212	38140
4950	34328
5224	38158
5180	34707
5058	32685
4396	35125
4972	36057
5139	32833
4889	32401
5274	36511
5043	36184
5132	38013
4291	36630
4669	37230
4924	34282
4357	35057
4275	36598
4917	34277
5253	38213
4349	35044
5234	32988
4442	35200
4461	31660
4553	31835
5065	37899
5080	34546
5227	38161
4315	31418
4590	31914
5005	34429
4740	37327
4274	34935
4658	33779
5016	32619
4567	31864
4668	33811
5799	40012
5324	39405
5653	38741
5420	38429
5648	40950
5647	38725
6059	40342
5914	40156
5372	41752
5710	38815
6146	40473
5978	41409
5315	38310
5521	40794
6021	40297
5449	39579
5716	42157
6097	39307
5329	39412
5371	38370
5703	42144
6155	42731
5727	41055
6793	43777
6341	44092
6275	44006
6638	45561
6285	44026
6579	43435
6505	43293
6212	43921
6425	46243
6335	45102
6244	44971
6393	44183
6503	43291
6618	43503
6268	46037
6368	46155
6351	46127
6234	42836
6747	43711
6320	44068
6697	46665
6760	43723
6269	42887
6677	44629
6714	43656
6442	46274
6358	43028
6555	46431
6672	46639
6258	43981
6614	43498
6228	43941
6450	44282
6631	46555
6780	44762
6725	46718
6754	44729
6391	43095
6482	45332
6262	43986
6484	45336
6624	44529
6272	44002
6265	45001
6785	46800
6381	44165
6551	45440
6775	46788
6348	44099
6524	44395
6541	43363
6718	46707
6468	45304
6730	44692
6188	44884
6612	45527
6596	43471
6395	46201
6183	42763
6674	45625
6840	45891
6453	43189
6764	45767
6549	44426
6210	44924
6292	45039
6564	45464
6740	44712
6397	46204
6516	43314
6448	43184
6707	46687
6570	45472
6264	46030
6783	45804
6553	45445
7367	48409
7018	47078
7616	48738
7171	50057
7016	49889
7574	49614
7073	49035
7480	49512
7433	50369
7499	49533
7621	49676
6950	47928
7006	48952
7191	48181
6906	46961
7148	50030
7356	50283
7590	49634
6997	48940
6862	46904
6895	49759
7965	52173
7665	52971
7756	54223
8123	51183
7935	53276
7879	52061
8356	51451
8101	52337
8587	52881
7904	53232
8148	51211
8498	55097
8133	52368
8206	54755
7931	52116
7644	51801
8015	54522
8288	52541
8509	52792
7926	52108
8263	54811
8091	52321
8122	51180
7927	53265
8069	54585
7728	54206
8138	54672
8291	51361
8103	52340
8478	53924
7792	53108
7745	53058
7941	53287
8375	52635
7670	51824
8352	54914
8012	52233
8434	53870
8519	51952
8433	51552
8635	54093
7971	54473
8556	51686
7996	51035
8182	53553
8446	55018
8470	53912
8590	52885
8353	52613
8410	53837
8506	53967
8047	53405
7643	50658
8374	54943
8213	52448
7769	50784
8585	55199
8571	52855
7852	54326
8647	51787
8354	51449
8578	52868
8515	55116
8044	53402
8424	52701
7669	52976
7760	54229
7923	53259
8055	52272
8024	53379
8146	52382
8512	53974
8078	52309
8011	53367
8343	54903
7711	51868
8439	55013
7952	50991
8093	51145
8257	52504
8239	54788
8542	52825
8566	55167
8584	51726
8377	53788
7806	51980
7826	53147
8586	51727
8653	51790
8154	54690
8459	55035
8415	51523
8279	53655
8300	52554
8228	54782
8476	51589
8335	52598
7747	50759
8094	51146
8265	51339
8332	53732
7676	50693
8161	51221
8517	53977
7748	50762
8329	54887
8113	52354
8508	52790
8302	53681
7706	51856
8290	54830
8458	52741
7892	50915
8636	55241
7684	50706
7921	54403
8057	54571
7731	53038
8430	53862
8318	52578
7917	53250
8480	55062
8262	54810
7752	50767
8490	55089
8443	52716
8557	55155
8562	52845
9196	56556
8804	57564
8989	57771
8702	57455
9233	56597
8934	55581
9176	57981
8906	56948
8754	55370
9265	56626
9018	57808
8689	55310
8958	57010
9127	57196
9124	57924
9164	57967
8764	55383
9222	57306
9268	56631
8774	56073
9095	56430
9278	58111
9022	55673
8992	57776
8964	55623
9007	55656
8982	57028
9133	57198
8851	56169
9076	55728
8792	57542
8688	55308
9106	57165
9280	58114
8655	56669
9224	57312
8813	57573
9162	57244
9065	55718
8852	56170
8838	56150
9029	55685
8839	57595
9179	56537
8954	57003
9192	58001
9200	58016
9241	56605
8715	56741
8926	56964
8790	55415
8875	57631
9218	58033
9045	56381
9005	55654
9213	57296
9199	58014
8820	56130
9237	57324
8786	55407
9089	56426
8773	56783
8952	57002
8722	57473
8855	55499
8692	56713
9117	57182
8828	55475
9069	55719
8682	55298
9284	55951
9071	57856
9207	56571
9155	57229
8681	56699
8825	57578
8923	56254
8728	56039
8872	56192
9053	57106
9136	57936
9159	57242
8930	56967
8662	55275
9079	56406
8793	56809
8885	56208
8966	56310
9157	55818
8945	55604
9504	58721
9619	58483
9601	58463
9325	58533
9496	59063
9494	58354
9375	58922
9614	58478
9541	58754
9519	59450
9532	59464
9299	58509
9463	58684
9552	58763
9517	58388
9452	58669
9459	58317
9365	58911
9320	58162
9626	58491
9395	58606
9429	58640
9334	58173
9533	59095
9407	58964
9436	58288
9524	58739
9333	58540
9633	58500
9573	58441
9586	58452
9444	58659
9417	58974
9412	59323
9622	58840
9294	58853
9297	58140
9507	59073
9549	59113
9469	59388
9582	58794
9313	59228
9374	58576
9386	58228
9593	59520
9421	58978
9575	59138
9571	58439
9580	58792
9396	59302
9409	58622
9327	59240
9488	58707
9440	58994
9508	58374
9620	58484
9326	58534
9499	59066
9356	58196
9509	59077
9531	59091
9588	59516
9422	58268
9513	58381
9540	59103
9380	58585
9489	59052
9476	58335
9544	59479
9402	58248
9295	58135
9475	58695
9434	59353
9624	58487
9503	59067
9458	58680
9610	59540
9373	59280
9486	58347
9443	58657
9621	58839
9303	58142
9555	59123
9583	59509
9510	58729
9562	59128
113	9791
624	21137
198	9925
1568	15371
1129	21759
1979	12277
1647	15484
1693	19026
1658	15501
2051	12386
1933	19322
2150	12538
307	13641
1365	15123
2343	19888
1282	15007
2137	23079
147	20449
1639	11813
1479	18752
1784	11998
1209	18422
1402	22126
2259	23263
808	21378
1676	19006
2157	19623
1236	11325
212	9936
2233	12668
815	10789
2582	20206
2082	19514
187	9903
1235	14943
724	21285
1874	15778
568	10459
2487	16577
12	20277
1216	18438
669	17682
226	13494
2527	23589
497	13884
1572	15378
273	17083
1599	11745
586	21076
1032	11077
565	17533
299	17138
134	9813
581	14031
2251	16308
1076	14724
2215	12637
2135	23078
1622	22414
85	16856
1455	15235
1287	11389
1963	22836
2117	12473
70	20356
1074	18229
1938	19333
644	21174
783	14324
1086	14731
1087	11146
1077	21693
1416	15182
883	17975
2047	19474
1078	18235
1049	21673
1834	15711
2586	13157
57	20337
105	9783
1921	22782
1502	22266
1403	18665
1055	18210
231	17035
2574	13144
919	18018
228	13499
1618	15433
44	9706
452	20884
2011	15950
150	20454
1187	21869
2042	12376
1073	18228
573	17549
2280	23290
941	10977
1011	11049
737	10694
1483	11612
1814	12039
1591	11737
191	9911
1926	12203
2451	20019
126	16898
2219	19714
814	14371
2578	20198
2000	22878
297	13631
1870	15770
2354	16429
2074	22991
400	17287
219	20547
782	10741
1785	22637
756	14287
459	20894
1068	18221
1177	21843
1405	22129
2304	23321
370	13741
832	14391
331	13677
1810	15683
372	13743
2391	23431
1712	15559
1314	15047
110	13349
1791	19151
1749	19103
1633	11801
1248	18475
2091	23011
31	9681
1708	15551
972	11008
1400	22119
1046	11096
2239	12681
2116	23042
404	20818
2272	23275
2175	16189
703	17744
353	20744
1705	22532
1024	11060
1619	18912
707	17747
564	14001
1119	11178
802	21371
2356	12853
2128	12493
676	10609
1481	22248
54	13286
945	18046
2473	23531
405	10207
230	17031
765	17818
494	10341
2151	16157
314	20678
503	13896
1059	14699
2541	23603
1593	11739
1116	14759
1318	18557
1332	15067
488	13870
700	10656
548	10431
1022	21646
697	17728
2361	19907
1274	21978
481	13860
2014	12336
1225	21913
1053	14688
2575	13146
2292	23308
2196	23173
274	10027
602	10512
668	21213
2100	23024
1013	14642
1305	15038
1258	11346
2599	20223
949	18053
2210	16229
1466	22233
615	21121
871	17957
2244	12690
491	10335
794	10769
1798	22651
694	21241
958	18063
1149	11222
309	17156
2081	19513
2479	23537
1371	11486
1948	12234
2142	16139
1317	15048
2211	12630
439	13813
1017	14648
1813	15686
313	13651
87	20373
3897	27146
3563	24816
3744	25034
2813	29609
3608	26805
3053	29897
3526	30482
3819	25117
3553	30518
3768	25056
4238	31300
3457	30389
3514	28550
2651	29457
3977	27219
2883	25959
4161	31223
2882	24003
3690	28787
2729	23832
3136	29993
3092	29941
3634	28717
3301	28301
3678	26888
3044	24199
3889	25221
4092	27368
2921	26009
3984	31038
2868	25943
2819	25885
4091	31147
3029	26132
3600	28676
3702	26918
3292	26436
4216	29376
3893	27142
4218	29381
3045	24201
3241	24408
3479	26636
3093	28034
3104	26217
3167	28122
3646	28726
2933	26021
4202	27479
3401	24614
4147	29286
2952	29759
4221	29387
2873	25948
3605	30600
2944	27885
3694	24983
3980	29112
3291	24464
2962	26059
4227	25622
3883	30919
2802	27746
3313	26462
3231	30097
4059	27309
3338	28347
2858	29658
3566	24823
3349	26499
3075	24233
3223	30087
3227	30093
3548	28595
3152	28106
2755	23858
4128	27398
3830	25134
2968	27907
3964	31010
3484	30430
2854	25923
4860	34171
4634	35495
5084	34555
5295	33095
4404	36813
4797	34039
4689	33844
5207	34743
5164	32875
5126	32810
4613	33696
4678	37241
5299	38276
4356	31487
4504	33502
4997	36103
4584	35433
4987	37782
4718	37296
4446	36856
5022	37839
5271	38237
4374	33313
4741	33928
4643	35506
4358	31491
4445	36855
4409	35149
4294	31378
4624	31967
4617	37139
4375	35092
4546	35366
4837	37507
4524	31783
4348	31470
5096	36250
4708	33880
4994	34418
4723	37309
5033	32640
4712	33894
4939	32474
4711	32124
4775	35722
4770	35704
5184	38092
4518	35312
4336	31450
4970	34377
5272	33054
4454	33436
4964	34365
4391	31546
4533	33562
5185	32922
4682	33833
4984	36080
4411	35155
4817	37473
4549	35370
4601	37118
4700	37272
4765	32193
5111	36271
4289	36627
4905	37628
5196	34731
5076	32714
4807	35774
4297	34965
4309	36654
5094	37953
5195	36406
5123	32803
5176	36372
4509	35302
5178	34699
5238	34794
4803	37454
4920	32441
5249	36475
4652	32009
4728	33917
5301	38279
4287	33191
4843	34139
5284	34875
4285	34955
4946	32490
4527	35333
4717	35628
5141	36316
4963	34361
4426	33393
4734	37318
4388	36788
4836	32301
4293	36633
4280	31360
5020	36146
4578	33636
5204	38124
4767	33973
4337	31451
4735	33921
4273	33162
5276	34861
5151	32855
4790	32232
4338	31454
5186	32924
4705	35609
4443	31631
4934	37674
4627	31971
5221	32966
4748	33942
4725	35637
4530	35337
4506	31740
5059	37893
4514	35308
4436	33408
5254	33023
4901	34256
4926	32451
4604	33684
5074	34534
4555	33600
4272	34934
4372	35086
4462	36880
4996	37794
4262	34927
4364	35066
5235	34791
4599	37115
4306	33209
5027	34481
5172	32897
5049	32670
4686	32077
4260	33138
5294	34890
4902	32417
5216	32957
5152	32857
5257	34829
4312	34990
4361	33280
4352	35050
4823	37482
5040	32656
5243	36458
4545	35363
5228	34778
4931	37663
4930	35987
4721	32139
4785	34015
4832	34118
4646	32000
4796	34038
4295	31380
4534	35341
5285	33078
5117	32791
4739	37325
4813	32264
4664	33794
4511	33515
4899	34253
5153	36329
4863	37565
4670	37233
4840	34132
4866	35866
4324	31431
5193	34729
4283	36616
5104	34587
5147	34643
4320	35005
4714	37291
4819	34083
5050	32674
6079	39282
5896	41309
6039	41482
5518	39661
5778	38908
5405	41788
5676	42120
6154	40482
6119	42681
5861	41266
6046	41492
5547	38593
5889	42416
5480	40738
5915	42440
5698	38804
5718	38824
5333	41701
5789	42259
6156	39376
5353	41730
5973	42503
5467	38481
5316	41686
6169	42747
6106	40407
5743	39925
5885	41293
6111	40415
5431	40663
6166	42746
5635	39786
5726	42171
5986	42512
5684	41011
5615	38672
6088	40380
6136	39346
6083	39288
5865	42375
5543	38587
6100	41561
5464	39598
5308	40507
5877	42392
5450	40687
5519	39662
6157	41654
5840	41242
5871	41273
5863	41269
5564	39714
6022	41463
5456	41852
5497	41890
6053	42602
5993	41435
5351	40552
5309	41677
5323	39404
5675	39835
5344	40543
5886	42410
5952	40202
5572	41988
5933	39128
5434	39560
5883	41291
5937	41347
5349	38352
5495	38518
5695	41030
5757	38877
5621	42039
5566	39716
5451	39583
5620	39771
5980	41413
5785	38931
6069	39266
6176	40505
5445	38456
6126	39340
6058	39253
5595	38648
6129	40439
5415	41798
5332	40525
5414	39528
5380	41758
5694	41029
5903	42425
5546	41951
5644	38713
5661	40975
5458	39591
6101	39308
6051	42600
6023	39216
6162	40490
6020	39214
5654	40964
5895	42422
6131	39345
6130	39344
6311	42957
6613	46538
6502	46348
6748	45745
6533	44407
6806	44812
6626	43513
7175	50066
6867	47816
7188	49159
8620	51762
8324	53718
8414	51521
8525	51655
8277	53653
8150	54686
9185	56544
8929	56965
8718	55339
9249	57336
8931	55577
8661	56673
9062	57115
8824	56134
8753	56764
8830	56145
8799	55438
8714	56029
8843	55480
9075	57860
8674	57418
8910	56243
9116	57913
9043	55700
9203	58018
9052	56388
9404	59313
2351	12845
141	20442
651	17656
2267	16324
1008	14630
590	14060
1634	18948
946	14555
1375	11487
596	10504
1777	15645
597	10506
2581	20203
2107	19549
1794	12008
650	21180
362	20754
2576	20196
1713	22538
1123	11182
2616	16731
1498	18771
2405	19960
2279	19801
1396	18657
729	17780
18	13242
571	14017
1475	11606
4116	29253
3910	30954
2743	29552
4129	29265
3574	26762
3110	28060
2778	29584
4754	32179
4402	36809
6499	43284
6771	44753
6792	44781
7291	47361
7423	49429
7524	47653
7272	49253
8357	54919
7994	53347
9514	58382
1453	18723
2511	20104
824	21389
1999	22876
36	13265
1836	22697
603	10516
626	21141
121	16891
104	20399
1056	14695
1565	11691
529	13937
613	14086
1019	18164
851	17930
1675	11858
846	21416
1163	14849
2553	23618
591	21091
160	13404
2365	19912
1194	18394
1576	11713
2266	12714
2147	12530
1600	18889
1656	15495
745	21306
2588	20208
652	10581
712	21272
2475	16566
1828	15705
2580	23651
830	14386
469	20911
1091	11154
466	13841
1561	11689
1256	14972
9	9652
229	20564
1824	12055
551	13985
1426	18685
2424	16519
1915	19301
3071	28017
3930	29064
2674	27608
3001	27950
3160	26281
2940	24058
4014	31066
4543	35361
4631	31975
5289	38257
4417	36825
4811	37465
5222	34769
5687	39851
5504	38540
5322	41691
5565	41980
5856	41264
6072	42625
5940	42468
5821	42311
5804	38963
5797	38954
6018	42550
5762	42218
6037	41479
5379	38379
5609	39756
5738	39916
6030	39222
5511	41909
5472	40724
6028	40308
5477	41873
5968	39164
6727	44682
6741	46750
6380	44162
6302	46087
6585	43447
6634	45550
6337	46118
6838	43840
6352	43013
6406	44201
6607	43486
6225	42823
6426	45245
6654	46595
6778	45793
6256	46016
6386	46181
6526	43340
6195	45950
6280	45017
6521	45393
6398	46205
6528	45404
6333	45096
6489	43274
6428	43163
6500	43285
6532	43355
6222	45982
6315	46095
6811	46845
6706	43638
6192	43888
6539	46409
6514	43310
6546	46419
6645	43555
6753	45751
6717	44669
6836	46879
6305	44048
6243	44969
6247	44975
6574	44456
6421	46238
6286	45024
6547	44424
6679	44632
6520	43326
6417	45236
6683	46655
6207	44917
6629	43520
6739	44707
6709	44657
6465	43226
6461	43210
6376	44159
6419	44232
6789	43771
6498	44354
6535	45416
6560	46441
6813	45856
6817	46851
6414	46224
6178	45906
6248	44977
6588	44493
6239	45996
6497	46343
6534	46403
6300	42945
6598	45512
6493	44349
6219	45979
6617	44527
6270	45006
6217	43930
6328	44077
6423	43151
6456	45287
6616	44525
6723	45696
6830	45879
6346	45118
6371	43057
6224	42822
6726	45709
6729	44690
6744	46755
6431	45247
6388	43084
6569	46452
6278	42904
6241	44966
6647	43556
6644	43553
6480	44333
6832	45880
6557	45453
6415	46226
6566	45466
6432	43168
6745	46757
6261	46023
6186	45933
6260	42876
6822	44839
6463	43217
6758	46769
6413	43132
6641	44570
6445	43177
6416	45233
6852	48775
7334	48375
7633	48761
7252	47305
7341	47446
7514	47641
7469	49481
7254	50163
7567	49609
7396	47513
7301	49297
7142	48122
7019	48977
6872	48799
7123	47175
6891	48822
7338	49350
7455	49466
7209	50102
7364	49376
7331	48372
7170	48155
7545	49584
7503	50488
6929	46983
7266	47324
7164	49136
7464	49478
6892	49753
7036	48988
7324	47429
7059	47115
7319	47420
7333	48374
6937	47908
7592	49636
7627	49683
7432	49444
7618	48747
7532	50520
7569	48673
6959	48904
6935	46994
7389	50320
7600	48704
7200	49174
7064	48040
7468	49480
7431	50368
6953	47018
7045	47102
7265	50176
7159	49126
6921	49793
7091	49054
7119	47167
6907	49772
7629	48754
7378	47497
7434	48496
7089	49973
7317	47412
7211	48205
7309	49316
6860	47805
7327	47437
6858	48783
6947	48896
7125	47181
6912	49777
7481	50448
6910	48844
6861	49718
6969	48917
7302	48322
7014	49884
7626	49681
7234	49211
7098	47151
7147	48128
7190	49161
7321	49331
7553	47700
7441	48506
6957	47938
7219	47268
7025	48981
7429	50366
7118	48101
7126	50012
7260	49237
7510	48608
7128	48115
7108	49993
7127	47183
7591	49635
7579	49619
6943	49822
7628	50642
6890	48820
7428	48486
7438	48503
7528	48623
6878	48808
7488	48587
7187	48177
7351	47460
7181	47238
6922	49795
7414	50347
7498	49531
7044	49914
7427	49432
6920	46976
7435	50373
7032	49903
7122	47174
7225	49198
7311	47403
6863	49720
7056	49013
7380	50317
7193	50087
6996	49865
7348	49356
7107	48086
7173	48160
7192	47242
7271	50185
6857	47800
7249	50156
7587	50599
7015	49885
7527	49555
7588	47733
7401	47519
7186	48174
7607	48721
6960	47022
7487	48583
7580	47725
7519	49545
7151	49116
6884	46941
7509	47635
7255	47308
7026	47999
7221	49188
7541	47689
7325	48366
7110	48089
7555	48653
7203	47250
7095	48072
7149	50031
7332	48373
7083	49965
7381	47501
7253	50162
7080	48054
7288	49282
7207	49180
6961	47023
7012	48967
7345	50268
7436	47545
6899	48833
6896	48831
7563	47708
7303	47396
7385	48435
7184	47240
6879	46936
7506	47634
7355	47467
6987	47969
7228	49201
7283	49269
8385	53797
7641	51798
8030	53392
7668	51820
7779	54246
7851	54325
7690	54162
8627	55233
8284	53659
8482	52755
8283	53657
8563	54015
8436	53871
8504	51632
8516	52801
8464	51579
7945	54438
8540	51672
8484	51604
7729	53034
8592	54047
7823	52001
8031	54551
8292	51362
7967	52177
8330	51424
8579	52869
8136	54668
7777	54244
8604	54061
8617	51758
8029	51086
8631	55237
8016	54523
8169	52408
8127	54659
7849	53175
8518	52803
8328	51422
7957	54453
8543	51674
8222	54778
8367	51467
8196	53576
8173	51235
8129	53504
7667	52973
8243	53623
8346	51438
7954	54449
7814	51988
7871	52047
8087	52317
8565	52849
8062	54579
8450	53893
7664	50677
8203	54748
8489	52773
7759	54227
8437	55009
7919	53251
7855	50877
8550	55150
7709	50733
8063	51116
8320	53714
8045	51100
9107	57168
8676	57420
9118	56459
8831	56146
9109	56449
8870	55511
8947	57716
8832	56147
8711	56738
8963	57013
9293	58504
9605	58819
9511	58379
1126	21756
2408	19963
2209	16227
41	16791
2044	12382
1731	22567
1229	18452
1868	19235
320	13659
2166	16174
2653	23750
4113	25494
3226	28201
4103	25475