1544	22321
4959	34347
5520	38560
2498	20075
1172	21835
1792	22646
1263	18490
4170	31233
3765	30778
3632	28713
2821	27770
2645	25691
4248	29418
4368	35074
5287	33082
4849	37544
5575	39723
5898	42423
5651	38737
5463	38477
6608	43487
6803	44801
7565	49607
7085	49045
7106	49067
7809	50828
8568	51704
7816	51989
9111	56451
8998	57044
8785	55406
8956	57008
8980	55636
9384	58935
9521	58393
9305	58514
9455	59368
9564	59130
9383	58224
9522	58735
9385	58592
1155	11228
927	21537
903	10929
800	14352
761	21325
2533	13074
490	10328
317	20687
73	16842
1935	15855
411	13783
1490	18763
510	13907
1741	11942
999	14614
2153	23103
728	14254
1866	22731
2605	20228
788	21354
1579	22371
1233	18460
2008	22896
1683	11867
1257	14976
1456	18728
2500	20082
2019	22921
2532	23595
279	13599
1551	18835
1657	11839
856	21431
970	14581
1245	18470
413	20832
781	14318
455	20892
1336	11444
1759	22607
2925	27864
4192	25586
4020	25369
3414	24632
2923	24042
3955	30997
4182	27464
4041	29177
4135	29274
3546	26720
3399	30320
3135	28093
2668	29473
4219	31281
2803	29606
2977	27924
3966	31013
2756	29562
2928	24045
2706	23799
4197	31260
3472	28490
3645	26849
3741	26961
3118	29964
3196	28163
3257	24427
3128	26254
3908	25249
2689	27621
3751	28834
4195	27474
3976	27217
2850	25919
4701	35597
5197	34733
4547	35368
5063	37896
4360	36733
5008	36122
4600	35458
5099	36257
4444	35207
4684	32076
4951	36013
5236	38171
4415	33371
4622	37146
4258	33133
4864	34188
5054	32681
5107	34599
4279	36607
4326	35015
5064	37897
5051	32675
4439	35192
5070	36207
5672	42116
5331	38334
5860	39051
6001	41441
5554	39701
5591	39738
5732	38834
5570	39718
5376	38376
5970	40221
6002	42534
5997	42526
5668	39828
5834	40066
5313	38304
6011	41451
5932	39127
5784	39989
5388	40602
6713	43655
6823	45872
6487	45344
6364	43039
6788	45818
6385	44172
6842	44854
6246	42851
6310	46091
6681	44633
6208	43907
6444	44263
6279	42905
6407	45220
6512	46364
6784	46797
6409	44208
6575	46466
7511	50497
6948	48899
7273	49256
7544	48650
7133	48117
7227	48221
7135	48119
7372	50305
7216	48213
7270	48285
7082	49044
6958	47939
7537	49570
7406	47524
6993	47059
7504	48600
7421	48478
7230	49205
7605	48718
7391	48439
7233	50128
6963	48907
7342	49351
8233	51307
8641	55251
8310	53688
8331	51425
7804	50823
8051	53409
7868	50887
7887	50908
7956	52160
8369	54939
7778	51950
8248	54797
8269	52526
8549	54004
8119	54648
7774	54241
7982	52193
8488	55082
8307	54855
7848	54319
8205	51275
8601	55215
7837	54312
8321	52582
8168	51232
8481	52753
7743	53056
8546	55147
8004	53357
8558	55157
8333	53733
8174	53546
8398	52667
8526	51656
8033	54553
9174	57980
8976	55632
8857	57614
8873	56193
9170	55835
9171	56528
8988	57036
9125	56462
9152	55812
8977	57760
8739	56048
9048	57099
9252	55918
8726	57478
8762	56065
8738	55356
8806	56112
8798	57552
9206	56570
8683	56701
8746	56052
8707	56732
8899	56937
8939	57697
9144	57217
9108	57170
8887	56928
8770	57513
9254	55920
8671	57409
9003	57785
8669	56684
8889	55531
8979	57762
9163	57245
9336	58880
9397	58244
9341	58184
9591	59166
9495	58711
9357	58898
9442	58995
9350	58553
9560	59497
9461	58319
9546	59109
9538	59100
9447	58300
9523	58736
9437	59356
9391	59299
9618	59193
9563	59129
9308	58148
9315	58867
9611	58828
1698	22525
1051	14686
2549	13099
1192	21874
2041	19463
261	17071
1959	19357
2098	12453
2159	19625
1085	18246
607	21110
158	13398
2079	12428
1867	22732
290	13615
2108	16086
511	10357
683	17702
821	21385
1526	15310
2184	19657
1242	21942
1506	15288
638	10559
1344	22063
786	17848
757	21319
1342	22061
1850	22709
1833	19202
496	20938
671	21216
2179	23139
2072	19499
966	18074
2369	16446
1876	22739
1937	15863
1574	11704
1965	15885
1941	22805
338	17191
918	21522
1978	12275
2340	19886
412	10219
2367	16445
1146	21789
1107	18268
42	13272
2559	23626
1646	22460
2242	12685
1816	15689
688	17717
907	21512
1495	11624
15	13236
1418	11530
1437	15209
2388	16471
2255	19771
1722	11920
1250	14968
139	13373
2145	23092
1294	11394
2493	23544
391	10196
2271	12718
2262	19785
2439	23488
262	17072
1255	21952
1995	15927
1789	11999
69	13300
2614	23700
2400	16479
161	13405
528	20991
998	21615
2084	16060
577	17558
68	20353
1496	11627
2374	16455
549	10433
1006	21622
1397	15161
873	10879
2339	12827
2317	12803
1458	18731
809	10783
1815	12038
1423	22155
2231	19740
2185	12591
1750	19105
1573	18862
1449	22211
1588	11732
137	9817
60	20339
797	10770
848	17925
2199	16214
1239	18469
1949	12236
1774	11986
1386	18641
288	17115
2155	23107
1238	14955
183	13437
1311	22026
1871	19241
880	14476
2336	12821
634	14116
1625	22419
582	17561
33	16781
1399	11509
2528	20129
543	10427
10	16754
3	13219
2537	23596
2319	12808
1193	14895
1390	22111
516	13914
1830	19200
1204	11289
1732	15586
2059	22971
2436	23485
448	17361
642	17648
992	14609
648	14139
1843	22703
1901	12163
298	17137
1951	22816
2622	20258
738	14270
276	20632
4038	29175
4098	31149
4019	31070
3579	26767
2797	25861
2769	23875
3145	29999
2739	23841
4146	25534
3844	27074
3742	26962
2647	27570
3815	28909
4149	29288
2682	23774
3419	30350
3882	30918
3519	30473
4175	31245
2758	25816
4074	31127
3886	29023
3529	26688
3033	27992
3549	28597
3918	29055
3015	24140
3182	26304
3011	29822
3973	31021
4168	27447
3382	30306
3243	24410
3635	30633
3493	30437
3988	31046
4101	31152
3082	29931
2908	27851
2782	27727
3204	30068
2843	25911
3677	24966
3959	25309
3469	24678
2704	29502
3272	28259
2697	29500
3968	25321
4190	29353
3427	24643
2695	29499
3797	25087
3122	28079
2798	27742
3390	30313
3916	30960
4124	31179
3442	24647
2954	27890
3077	24235
3589	24861
4107	29243
2838	27791
4228	25623
3236	28208
2627	23726
2812	27756
4142	27420
4112	27380
3719	26934
3283	28272
3149	24302
4200	27478
3279	26410
4035	27287
3953	30996
2730	29533
4117	29254
3216	30082
3103	28053
3623	30618
3835	28931
3010	29821
2811	25873
3584	30566
3100	24256
3261	26388
3898	25231
4011	25361
2998	26104
4247	25647
3195	24354
3840	30849
3721	25011
3808	27036
3814	25112
3456	26612
2864	25936
4057	29191
2939	27878
2999	26105
3246	28225
2692	29490
2631	29443
2975	27921
3862	30883
3975	27216
3133	26260
3444	28462
3186	24342
2665	29470
3209	24373
3568	28624
2632	29444
4036	27288
2667	25708
3142	28096
3421	30351
4233	31295
3577	30555
4080	25455
3636	30634
2992	29808
3321	30226
2678	29477
2649	25694
3388	24600
4162	27435
3934	30977
3267	30147
3471	24679
3176	26297
3884	27131
3213	30078
3379	30302
4185	27468
2971	26065
3788	30799
3181	28136
3583	28649
3465	30398
4089	25465
2842	27794
3000	24127
3316	30218
2884	29682
2906	25986
3833	30842
2857	23980
4033	31085
3774	28858
4076	29217
3785	30797
3670	24954
3175	28128
2656	29465
3270	24437
2774	25837
2829	25891
4040	25397
2993	24121
4004	25358
3681	30689
4062	27316
3598	30589
2837	23963
2846	27796
3711	26926
3218	28193
3478	30412
3340	30250
3928	30971
3250	28233
4157	25544
3408	28422
2981	24106
2836	29635
2659	27584
2773	23881
4242	25635
4229	27513
3068	24227
3224	24393
3423	28434
3557	24805
2625	27546
3380	30303
4178	29333
3940	29073
4226	27510
2688	25729
2983	26088
3903	29040
4007	31063
3286	30173
3539	28583
2799	27743
4099	27374
3105	26218
4093	27369
3688	30695
4123	25502
3412	28431
3378	24587
3621	26819
3896	29031
3156	24316
3208	28183
4121	25500
4053	27305
2984	26089
3353	28363
3509	28539
3159	24317
3740	28830
2892	24011
4160	29305
3258	26387
3051	29890
3505	30452
4250	27541
3244	28223
3409	24625
3155	28108
3070	29918
2677	23770
3956	30999
3974	25325
2969	27908
3801	27023
3295	24481
2721	29519
2698	25741
4017	29152
4051	27298
3458	30390
2990	24118
3701	24989
2707	29504
2979	27932
3933	29068
3776	28863
4085	29228
4139	25525
3310	24506
3773	30789
3366	28380
4246	27538
4077	27339
2638	27563
2989	26095
3723	30737
3735	25025
3403	28415
3050	24203
3990	29122
3027	29849
2988	27938
3365	26514
3516	24745
2831	27782
3085	24240
3572	26758
2826	27774
3162	30027
3183	24340
3370	30288
3936	25278
3778	27003
3357	28368
4854	35843
4416	35160
4449	35214
4304	33205
5073	34533
5252	36480
5205	38126
5026	32630
4354	31483
5224	38158
5180	34707
5058	32685
4396	35125
5043	36184
5132	38013
4669	37230
4924	34282
4357	35057
4275	36598
5253	38213
4349	35044
4461	31660
4553	31835
5065	37899
5080	34546
4740	37327
4274	34935
4658	33779
5016	32619
4668	33811
5799	40012
5324	39405
5914	40156
5372	41752
6146	40473
5315	38310
6021	40297
5449	39579
5716	42157
6097	39307
5329	39412
5371	38370
5703	42144
6155	42731
6275	44006
6638	45561
6285	44026
6579	43435
6212	43921
6335	45102
6244	44971
6268	46037
6368	46155
6351	46127
6234	42836
6320	44068
6760	43723
6269	42887
6677	44629
6714	43656
6358	43028
6672	46639
6258	43981
6614	43498
6450	44282
6725	46718
6391	43095
6482	45332
6484	45336
6624	44529
6272	44002
6265	45001
6381	44165
6551	45440
6775	46788
6524	44395
6730	44692
6188	44884
6612	45527
6395	46201
6183	42763
6674	45625
6840	45891
6453	43189
6764	45767
6549	44426
6210	44924
6292	45039
6740	44712
6397	46204
6516	43314
6448	43184
6264	46030
7367	48409
7616	48738
7016	49889
7574	49614
7073	49035
7480	49512
7621	49676
6950	47928
6906	46961
7148	50030
7356	50283
7590	49634
6862	46904
7665	52971
7756	54223
8123	51183
7935	53276
7879	52061
8587	52881
7904	53232
8148	51211
8498	55097
8206	54755
7931	52116
8015	54522
8509	52792
8263	54811
8122	51180
7927	53265
8069	54585
7728	54206
8291	51361
8103	52340
7792	53108
7745	53058
8375	52635
7670	51824
8352	54914
8012	52233
8519	51952
8433	51552
8556	51686
7996	51035
8182	53553
8353	52613
8410	53837
8506	53967
8047	53405
8374	54943
7769	50784
8585	55199
7852	54326
8647	51787
8578	52868
8044	53402
8424	52701
7669	52976
7760	54229
7923	53259
8024	53379
8146	52382
8512	53974
8078	52309
8011	53367
8343	54903
8439	55013
7952	50991
8093	51145
8257	52504
7806	51980
8586	51727
8154	54690
8300	52554
8228	54782
8476	51589
8335	52598
7747	50759
8265	51339
8332	53732
8161	51221
8517	53977
8329	54887
8113	52354
8508	52790
8302	53681
8290	54830
7892	50915
7684	50706
7921	54403
8057	54571
7731	53038
8318	52578
7917	53250
8262	54810
7752	50767
8490	55089
8557	55155
9196	56556
8804	57564
8702	57455
8934	55581
8754	55370
9265	56626
9018	57808
8958	57010
9127	57196
9124	57924
9164	57967
8764	55383
8982	57028
9133	57198
8851	56169
9076	55728
8792	57542
8688	55308
8655	56669
9224	57312
9065	55718
8838	56150
8839	57595
8954	57003
9200	58016
9241	56605
8790	55415
8875	57631
9218	58033
9005	55654
9213	57296
9237	57324
8786	55407
9089	56426
8773	56783
8952	57002
8692	56713
8828	55475
9069	55719
8682	55298
9284	55951
9071	57856
9207	56571
8681	56699
8825	57578
8923	56254
8728	56039
9136	57936
8662	55275
9079	56406
8793	56809
8885	56208
8966	56310
9157	55818
9504	58721
9601	58463
9325	58533
9496	59063
9494	58354
9375	58922
9541	58754
9532	59464
9517	58388
9452	58669
9626	58491
9429	58640
9334	58173
9533	59095
9407	58964
9436	58288
9524	58739
9633	58500
9573	58441
9586	58452
9444	58659
9417	58974
9412	59323
9294	58853
9297	58140
9507	59073
9549	59113
9469	59388
9386	58228
9421	58978
9575	59138
9571	58439
9580	58792
9409	58622
9488	58707
9620	58484
9499	59066
9531	59091
9588	59516
9422	58268
9513	58381
9544	59479
9402	58248
9295	58135
9434	59353
9624	58487
9503	59067
9610	59540
9621	58839
9555	59123
9583	59509
9510	58729
9562	59128
624	21137
198	9925
1129	21759
1647	15484
2051	12386
1365	15123
1282	15007
2137	23079
147	20449
1639	11813
1209	18422
1402	22126
2259	23263
808	21378
1676	19006
2157	19623
1236	11325
212	9936
2233	12668
2582	20206
2082	19514
187	9903
1874	15778
568	10459
12	20277
1216	18438
497	13884
1572	15378
273	17083
1599	11745
586	21076
1032	11077
565	17533
299	17138
581	14031
2251	16308
1076	14724
2215	12637
1622	22414
85	16856
1287	11389
1963	22836
2117	12473
70	20356
1074	18229
1938	19333
1077	21693
2047	19474
1078	18235
1049	21673
1834	15711
2586	13157
1921	22782
1502	22266
1403	18665
1055	18210
231	17035
919	18018
2011	15950
1187	21869
1073	18228
573	17549
2280	23290
941	10977
1011	11049
1591	11737
1926	12203
2451	20019
126	16898
814	14371
2578	20198
297	13631
1870	15770
2354	16429
2074	22991
400	17287
219	20547
782	10741
1785	22637
756	14287
459	20894
1068	18221
1405	22129
832	14391
331	13677
1810	15683
372	13743
2391	23431
1712	15559
1314	15047
1749	19103
1633	11801
1248	18475
1708	15551
972	11008
1400	22119
1046	11096
404	20818
2272	23275
703	17744
1619	18912
802	21371
2356	12853
2128	12493
676	10609
1481	22248
54	13286
2473	23531
230	17031
765	17818
2151	16157
314	20678
503	13896
1059	14699
2541	23603
1593	11739
1116	14759
1318	18557
1332	15067
488	13870
700	10656
1022	21646
697	17728
2361	19907
1274	21978
1225	21913
1053	14688
2575	13146
602	10512
1305	15038
1466	22233
615	21121
871	17957
491	10335
1149	11222
309	17156
2081	19513
2479	23537
1371	11486
1948	12234
1317	15048
439	13813
1017	14648
313	13651
87	20373
3897	27146
3563	24816
3744	25034
2813	29609
3608	26805
3768	25056
4238	31300
3514	28550
3977	27219
4161	31223
3690	28787
2729	23832
3136	29993
3092	29941
3634	28717
3301	28301
3678	26888
3044	24199
3984	31038
2868	25943
2819	25885
4091	31147
3029	26132
3600	28676
4216	29376
3893	27142
3241	24408
3093	28034
3104	26217
3167	28122
3646	28726
2933	26021
3401	24614
4147	29286
4221	29387
2873	25948
3605	30600
2944	27885
3694	24983
3980	29112
4227	25622
3883	30919
2802	27746
3231	30097
3338	28347
2858	29658
3349	26499
3227	30093
3152	28106
2755	23858
4128	27398
2968	27907
3484	30430
4634	35495
5295	33095
4404	36813
4689	33844
5207	34743
5126	32810
4613	33696
5299	38276
4504	33502
4997	36103
4584	35433
4987	37782
4718	37296
5022	37839
5271	38237
4643	35506
4445	36855
4409	35149
4294	31378
4617	37139
4375	35092
4524	31783
4348	31470
4708	33880
4994	34418
5033	32640
4712	33894
4939	32474
4775	35722
4770	35704
5184	38092
4518	35312
4970	34377
4964	34365
4391	31546
4533	33562
5185	32922
4682	33833
4984	36080
4411	35155
4817	37473
4700	37272
5111	36271
4289	36627
4905	37628
5196	34731
4807	35774
4309	36654
5195	36406
5123	32803
5238	34794
4803	37454
4728	33917
5301	38279
4287	33191
4843	34139
5284	34875
4285	34955
4946	32490
4527	35333
4717	35628
5141	36316
4963	34361
4426	33393
4734	37318
4836	32301
4293	36633
5020	36146
4767	33973
4735	33921
5151	32855
5186	32924
4443	31631
4627	31971
5221	32966
4748	33942
4725	35637
4530	35337
5059	37893
4436	33408
5254	33023
4901	34256
4604	33684
5074	34534
4372	35086
4462	36880
4364	35066
5235	34791
4599	37115
4306	33209
5027	34481
5172	32897
5049	32670
4260	33138
5294	34890
5257	34829
4312	34990
5040	32656
4545	35363
5228	34778
4931	37663
4930	35987
4832	34118
4646	32000
4796	34038
4295	31380
4534	35341
5285	33078
5117	32791
4813	32264
4664	33794
5153	36329
4863	37565
4670	37233
4840	34132
4324	31431
5193	34729
4283	36616
5104	34587
4320	35005
6039	41482
5778	38908
5676	42120
6119	42681
5861	41266
6046	41492
5480	40738
5915	42440
5698	38804
5718	38824
5333	41701
5789	42259
5353	41730
5973	42503
5467	38481
6106	40407
5885	41293
6111	40415
6166	42746
5635	39786
5726	42171
5684	41011
5615	38672
6088	40380
6083	39288
5865	42375
6100	41561
5464	39598
5308	40507
5877	42392
5450	40687
6157	41654
5840	41242
5564	39714
6022	41463
5456	41852
5497	41890
5993	41435
5351	40552
5675	39835
5952	40202
5933	39128
5883	41291
5495	38518
5695	41030
5621	42039
5566	39716
5620	39771
5980	41413
6069	39266
5445	38456
6058	39253
5595	38648
6129	40439
5332	40525
5414	39528
5380	41758
5644	38713
5661	40975
5458	39591
6051	42600
6162	40490
6020	39214
6131	39345
6613	46538
6502	46348
6748	45745
6533	44407
7175	50066
6867	47816
8620	51762
8324	53718
8525	51655
8277	53653
9185	56544
8718	55339
8753	56764
8714	56029
8843	55480
9075	57860
8674	57418
8910	56243
9116	57913
9043	55700
9404	59313
651	17656
1008	14630
590	14060
946	14555
1375	11487
596	10504
1777	15645
2581	20203
2107	19549
1794	12008
650	21180
1123	11182
2616	16731
2405	19960
2279	19801
729	17780
18	13242
1475	11606
4116	29253
3910	30954
2743	29552
4129	29265
2778	29584
4754	32179
4402	36809
6771	44753
7291	47361
7423	49429
7524	47653
7272	49253
8357	54919
7994	53347
2511	20104
824	21389
1999	22876
626	21141
104	20399
1056	14695
1565	11691
529	13937
1019	18164
591	21091
2365	19912
1194	18394
2266	12714
1600	18889
1656	15495
745	21306
2588	20208
652	10581
1828	15705
2580	23651
469	20911
1091	11154
466	13841
1561	11689
1256	14972
229	20564
1824	12055
551	13985
1426	18685
2424	16519
1915	19301
3071	28017
3160	26281
4014	31066
4631	31975
4417	36825
4811	37465
5504	38540
5856	41264
6072	42625
5821	42311
5804	38963
6018	42550
5762	42218
6037	41479
5379	38379
5609	39756
6030	39222
5477	41873
6727	44682
6741	46750
6380	44162
6302	46087
6585	43447
6634	45550
6838	43840
6352	43013
6607	43486
6426	45245
6654	46595
6778	45793
6386	46181
6526	43340
6280	45017
6521	45393
6398	46205
6528	45404
6428	43163
6500	43285
6315	46095
6811	46845
6706	43638
6192	43888
6539	46409
6546	46419
6645	43555
6717	44669
6836	46879
6305	44048
6243	44969
6247	44975
6574	44456
6286	45024
6547	44424
6417	45236
6683	46655
6207	44917
6629	43520
6461	43210
6376	44159
6419	44232
6789	43771
6817	46851
6414	46224
6178	45906
6248	44977
6239	45996
6534	46403
6300	42945
6219	45979
6617	44527
6270	45006
6217	43930
6328	44077
6423	43151
6616	44525
6224	42822
6726	45709
6744	46755
6431	45247
6569	46452
6241	44966
6644	43553
6480	44333
6832	45880
6566	45466
6432	43168
6745	46757
6261	46023
6186	45933
6260	42876
6758	46769
6413	43132
6641	44570
6445	43177
6416	45233
7334	48375
7633	48761
7252	47305
7341	47446
7514	47641
7469	49481
7567	49609
7396	47513
7142	48122
7019	48977
7123	47175
7338	49350
7455	49466
7209	50102
7364	49376
7545	49584
7503	50488
7164	49136
7464	49478
7324	47429
7059	47115
7319	47420
6937	47908
7627	49683
7432	49444
6959	48904
6935	46994
7389	50320
7600	48704
7200	49174
7064	48040
7431	50368
7045	47102
7265	50176
7159	49126
6921	49793
7091	49054
7119	47167
6907	49772
7629	48754
7378	47497
7434	48496
7317	47412
7309	49316
6860	47805
7125	47181
6910	48844
6861	49718
7014	49884
7626	49681
7098	47151
7147	48128
7190	49161
7441	48506
7219	47268
7429	50366
7118	48101
7126	50012
7260	49237
7510	48608
7108	49993
7591	49635
7579	49619
6943	49822
6890	48820
7428	48486
7438	48503
7528	48623
6878	48808
7187	48177
7351	47460
7181	47238
6922	49795
7498	49531
7427	49432
7435	50373
7032	49903
7122	47174
7225	49198
6863	49720
7380	50317
7193	50087
6996	49865
7348	49356
7107	48086
7173	48160
7015	49885
7527	49555
7186	48174
7607	48721
6960	47022
7487	48583
7580	47725
7519	49545
7151	49116
6884	46941
7255	47308
7026	47999
7221	49188
7541	47689
7110	48089
7555	48653
7203	47250
7149	50031
7083	49965
7381	47501
7288	49282
7207	49180
6961	47023
7345	50268
7436	47545
6899	48833
7303	47396
7385	48435
7184	47240
7355	47467
6987	47969
8385	53797
7641	51798
8030	53392
7779	54246
7851	54325
7690	54162
8627	55233
8284	53659
8283	53657
8563	54015
8436	53871
8464	51579
8484	51604
7729	53034
8592	54047
8031	54551
7967	52177
8330	51424
8579	52869
7777	54244
8604	54061
8617	51758
8631	55237
8016	54523
8169	52408
7849	53175
8328	51422
7957	54453
8543	51674
8222	54778
8196	53576
7814	51988
7871	52047
8087	52317
8565	52849
8062	54579
7664	50677
8203	54748
7759	54227
8437	55009
7855	50877
8550	55150
7709	50733
8063	51116
8320	53714
9107	57168
9118	56459
8831	56146
8870	55511
8947	57716
9293	58504
9605	58819
2408	19963
2209	16227
41	16791
2044	12382
1731	22567
320	13659
2166	16174
2653	23750
4113	25494
4103	25475