5835	38320
9067	45146
13543	50346
14329	54559
18543	60625
3458	36074
5331	37834
6169	38645
1785	34489
11283	47232
9078	45154
10800	46777
8602	44712
7527	43769
8316	44460
9072	45149
9423	41690
9386	45417
11527	51073
11459	47415
12834	52775
12632	49081
13454	50231
11921	48061
12907	52863
13402	53543
11419	47356
16619	56349
15832	55722
16732	58696
16363	58422
16652	56370
14546	54736
14222	54476
15663	55591
16959	61025
17468	59486
18651	62757
18731	60800
19637	65606
19056	65044
20297	64404
19083	65066
18901	64884
21290	67355
20811	66827
21612	67703
21883	67988
21833	70233
24276	72450
23253	73043
22954	71405
23208	73007
23233	71635
22893	72755
24673	74934
24902	74392
25101	74513
25334	75367
24971	75129
24669	74223
25461	74734
25213	74591
1645	27227
5009	37536
1289	26928
1630	27215
7078	32536
131	32857
4824	30351
4772	37324
3506	29073
682	26327
4115	36686
6588	39022
108	32841
6352	31854
4378	29902
4254	29782
2065	34762
4383	29906
6784	39197
2418	27941
5088	30613
6690	39102
4734	30253
2331	35001
4369	36944
6271	38730
3621	36227
5808	38302
4356	29885
4808	37353
2134	34832
5887	38370
4681	30196
3755	29308
1749	34459
6454	38895
2346	27866
5447	30975
3038	28614
2024	34727
1463	34165
3463	36081
6476	38920
7183	39594
4051	29598
2137	34834
2310	27838
4895	37430
5055	30580
1768	34469
419	26050
4257	36831
6531	32023
4794	30317
4298	36891
1876	27443
6944	32403
6128	38606
7641	43863
9320	41585
8634	40948
9710	41989
9077	41368
8291	40631
7640	40041
11024	46996
11304	43463
9107	45176
11041	47017
9241	45273
10529	42719
10323	46319
7909	44092
10466	42672
9228	41506
9444	45472
11341	47280
9885	42148
7468	43708
9586	45605
7717	43923
11039	47012
7915	44096
9538	45561
7644	40044
7388	39798
11317	47259
8359	44489
10661	42848
10768	42960
9971	45963
7986	44162
8073	40426
9990	42253
8960	41248
9407	45440
7374	43620
9393	41656
11038	47010
8732	44833
9051	41347
11315	43473
11044	43216
10378	46378
9634	41918
13407	50161
11952	51596
13841	50732
11771	51367
13669	50499
13684	53895
12800	52732
12302	52121
11842	51457
12101	48299
12423	52256
11578	47577
12317	52142
11625	51206
11928	48075
11919	48057
12607	49037
12237	52012
13635	50460
13901	50803
13893	54170
12016	51683
12867	49370
11971	48128
13101	53145
12676	49132
13421	50187
12360	48680
13742	50598
12525	48900
13911	54201
12706	52606
11948	48102
11477	51014
13685	53896
12357	48674
13471	50251
11616	51191
12371	52206
13370	53497
15901	55773
14259	54508
15982	58115
14036	54333
14938	55050
15140	57440
14394	56843
16608	58607
15800	55700
15850	55737
14140	54411
14986	55089
14671	54833
15825	55717
14093	54375
16459	56220
16511	58533
15400	57664
16504	58525
15977	55827
16249	56065
14004	54303
14373	54597
14210	54464
15155	57450
15030	55126
15357	55358
16097	58200
16158	55988
15577	55519
14111	56601
17617	59654
17800	61871
16811	60872
17270	61343
17077	59038
18418	62507
17500	59520
17746	61817
18108	60171
18784	60853
17552	61600
16870	58830
16895	58850
18015	62090
17125	59095
18552	60632
17882	59906
18195	60262
16946	58904
17257	61333
17151	61219
16989	58950
18362	62450
18292	62363
18695	62796
18143	60207
18377	62465
20498	66496
20280	66264
18911	64898
18868	64849
19274	65255
20057	66040
20371	64476
20538	64649
20036	64116
20132	64220
20039	64118
20314	66304
20124	64212
20194	64284
19055	65043
19856	63938
19597	65569
18939	63034
19965	65953
19449	63523
20192	66181
18959	63058
20357	66337
20487	64599
20372	64477
19219	65204
20475	66472
19050	63126
19890	63979
20592	64717
20370	66352
20338	64438
20439	66429
20137	66127
18925	64906
19376	65350
20041	66017
19594	63674
21496	67570
21246	67306
22766	71250
21330	69687
21366	67424
20809	66822
21717	70126
21756	70166
21061	69408
21244	67305
22390	70824
22364	68501
20878	66886
20895	66907
22039	68159
22477	70938
22017	68132
21886	67994
21842	67949
22358	70796
22380	68525
21594	70003
22232	70647
22658	71137
21839	70240
22075	68192
22607	71081
21342	67405
22414	70854
21917	70318
21662	70076
22457	68610
21215	67274
21166	67216
22581	71039
22733	71214
21910	70311
22430	68581
21176	67231
22595	68752
22145	68261
22291	68408
20748	69055
22666	71146
21012	69356
22679	71156
22345	68476
22683	68840
21369	69732
21180	69545
22220	68349
21653	70065
21912	68024
21844	70246
22297	68411
22511	68666
21575	67655
22142	70552
24370	73979
23229	71631
23931	73613
23951	72192
23508	71834
24359	72527
23242	73035
24294	72461
23473	71811
24108	73759
23781	72047
23322	73098
23609	71918
23608	71917
23708	73430
22978	71427
24149	73799
24096	73751
23463	71799
23766	73477
23578	71882
22919	71377
23086	72907
23806	72064
22895	71355
23741	73457
23872	72111
24474	74062
23548	73294
23857	73551
24424	72569
22822	72700
23598	71908
23790	72051
22864	72731
23125	72936
24042	73696
23460	73216
24265	72439
23400	73169
24054	73712
23105	72927
23813	73512
23727	73447
23610	71919
23687	73408
24132	73784
22800	72683
23111	71530
24110	73761
23490	73244
24597	74879
24705	74243
24757	74279
25292	74637
24782	74304
24889	75081
25210	74587
24606	74183
25014	75165
25414	74710
25251	74616
25158	74556
24624	74897
24766	74994
25155	74552
24781	75007
25041	75181
25518	75496
24801	74318
24943	75108
24923	75099
24775	74299
25150	75250
25462	74735
25305	75355
25226	75298
24605	74883
25055	75192
25030	75172
24970	75128
25050	74478
25186	74570
24952	74422
24564	74147
24770	74296
24811	74325
24993	74443
24577	74866
25599	74827
4237	29772
6040	38524
5160	30685
3534	29098
5369	37873
3265	28854
2834	35462
372	33070
2722	35356
3233	35877
2594	28117
2905	28452
3352	28924
2990	35624
5502	38006
1554	34245
4551	37109
3864	29397
2881	28427
6272	38731
4063	29614
6745	39158
6604	32085
3916	36510
5135	37653
712	26356
1321	34026
988	33701
4844	37384
6712	32179
5801	31309
3014	35656
5429	37941
2163	34857
4765	37315
5778	31287
913	26558
5567	38062
3902	36497
1123	33847
3829	29366
4767	37318
5565	38060
6244	38708
4495	30018
2546	35201
4355	36937
4656	37215
6726	39138
2872	35498
1375	34073
6994	32445
5830	31338
6284	38738
6359	31862
6520	38961
1397	34092
2167	27703
6389	31884
6367	38804
1361	26990
6986	39396
5573	31089
473	33190
850	33581
4996	37521
2744	28274
3243	35885
587	26218
6992	32444
3828	29365
6080	31578
4817	37364
5286	37788
1577	34267
3634	36237
547	33258
1724	34431
3714	29271
1897	34609
7212	39625
5978	38459
3107	28684
6197	31688
1000	33716
4982	37511
2073	27623
3675	29235
1964	27529
5696	31208
7016	32470
4637	30158
4819	30346
3118	35770
4942	37473
5799	38292
2395	27919
5439	30967
1884	34593
3833	29372
6673	39091
1830	27393
7133	39543
6288	31781
566	26195
3146	28717
6223	31713
3137	35784
2631	28155
7077	39487
373	33071
2566	28079
1643	34335
1047	33771
7029	39442
5444	37951
6424	31926
2472	27998
3748	29299
7280	39699
7025	32478
3869	29404
4416	36990
5086	37614
6570	32059
834	33557
799	26441
3747	36352
2075	27626
7001	32454
5816	31325
794	26432
5098	37621
1627	27210
3238	35882
5635	31160
1244	26878
2157	34853
3241	28826
887	33616
3216	28802
4234	29767
6405	31905
2026	34730
1157	26782
264	32981
2514	28037
2587	35235
5675	38154
3080	35739
3979	36568
6303	31799
6706	39113
2054	34749
3015	28590
2431	35104
2168	34861
360	33057
5717	38210
2197	27731
191	25816
3738	36338
1143	26769
1212	33924
5334	30868
262	32979
5207	30733
6757	32213
1767	34468
2706	28235
3419	28993
941	33667
2462	27985
1933	34640
409	33114
632	33353
6697	39106
5326	37831
5422	30954
3751	29302
3903	29436
2858	28402
1796	27363
5522	38025
2589	35240
3918	36511
6333	31831
4944	30475
1013	26649
6256	38718
3448	29019
4728	30246
3234	28820
5913	31414
4590	30115
5939	38418
6836	39247
4600	37160
837	33560
45	32780
1949	27508
3497	36128
6639	39062
1416	34116
789	26426
16	32753
3658	29218
3208	28791
7185	39595
6041	31540
3220	28807
5370	30894
5630	38110
4392	29913
2542	35199
129	25763
6442	31938
1710	27288
6089	31585
6533	38970
7074	39484
635	33360
921	33647
5081	30608
4612	30138
6235	38702
2638	28162
225	32943
424	33136
6373	38815
3647	36257
3892	29419
4751	30269
2211	27746
1891	34602
4044	36631
9522	41802
9103	45174
11200	47148
11098	47069
7367	43615
10578	42766
7345	39759
10003	42265
9578	41860
7473	39874
10007	45998
7435	39840
9249	41533
10883	43073
10769	42961
9256	45291
10267	42504
7325	43569
8631	40946
7499	39903
7767	40161
11224	47180
8816	44908
9254	45287
7365	39773
9122	45189
11275	43444
10347	46349
11390	43541
10944	46917
10489	46472
8249	40590
7317	39737
11296	47244
9540	41815
7485	39888
11167	47126
8930	45022
7978	44152
10497	42687
7928	40309
7957	40334
8479	40794
7787	43991
8467	44596
8970	45054
7753	40139
10049	42303
9844	45821
11042	47020
11277	43446
7808	44009
10304	46305
8056	40409
10655	46632
9660	41946
10451	46436
11075	47045
11203	47151
9929	45930
10519	46502
9972	42237
7708	43916
9839	45818
7620	43850
7488	43726
8669	44782
10068	46067
9624	41910
10695	46681
7791	43994
8656	40965
9018	41308
9967	42231
8356	40677
9474	45501
9681	41964
8087	44258
10159	46165
9466	45499
9029	41320
9316	45352
7349	39762
8304	40642
9874	45862
10150	42404
9464	45498
8789	41086
7894	44078
7505	43741
10314	46312
10975	46959
11223	47178
8315	40646
7676	43889
10061	42318
7836	40234
8549	40860
8774	44870
9204	45242
7552	43790
9360	41622
8042	44207
9501	45527
7301	39725
7518	43755
11249	43419
9142	45202
11214	43379
8196	40540
10745	42933
8104	44271
11053	47029
7916	40301
11320	43477
10156	42409
10826	43012
11119	43286
11022	46995
7980	40350
9504	45532
9716	45714
9215	45253
10630	42813
10460	42662
10075	46081
10662	46640
10406	42620
7869	44052
10577	46555
10637	46617
8845	44930
9842	45820
9590	41872
10588	46565
8460	44590
7862	40255
9039	45113
10125	42387
8942	41230
9068	41360
7428	43671
8797	44895
9778	42056
9830	42103
7591	39999
11334	43495
9385	41646
9952	45953
7985	40353
10881	46848
8296	40640
8707	41010
10850	43035
8822	44912
9288	45324
8815	41111
10392	42611
9650	41935
9129	45190
7658	43877
7375	43622
9831	42104
8868	41154
10307	42535
8063	44224
9628	41913
9460	45489
9409	45442
7713	43920
10909	46882
11043	43215
9996	42259
8318	44461
7968	40341
9741	45735
9441	45469
8008	40372
8512	44623
9411	45443
9247	41528
10209	46216
11120	43287
9442	41707
7912	44095
10348	46350
11362	47294
10576	46554
9168	41454
10656	46633
8111	40460
7392	39800
9827	45807
7948	44119
8202	44355
10931	43109
10221	46225
7448	43688
9751	45739
8447	44579
9450	45476
7574	39984
9426	41693
9571	45592
8964	41255
8257	40599
10042	46037
11268	43434
7351	39764
10344	46341
10999	46976
8268	40611
10905	43092
10135	46146
10045	42298
11184	47141
8357	40678
10044	42296
10946	43130
10238	46242
10873	46842
10072	46077
8628	44737
7763	40155
10297	46301
11306	43467
9147	41439
10665	46643
9793	42064
10827	46798
7964	44135
8535	44648
10405	46397
9186	41464
7555	43793
8542	44653
10958	43143
7737	40126
10211	46217
9935	45937
7492	43727
10163	42424
9674	45681
9707	41985
10872	46841
10968	46951
9835	45814
7569	39979
11117	47084
7361	39768
8761	44857
9163	45216
10824	46796
8642	40953
8728	44832
7621	43851
7958	44127
9435	45464
8702	41001
8083	40436
10414	46405
9554	41836
11014	43196
9310	41577
9607	41890
7394	39801
10077	46083
9105	41396
10755	42943
10225	46230
7731	40120
9059	41357
10710	46693
10705	46688
11148	43315
10372	42595
8346	44478
10605	46588
7545	39962
7934	40314
7557	43795
10733	42925
8021	44192
10420	46411
7493	43728
10247	46249
10994	46970
8067	44232
10604	46586
9265	41543
10571	46551
10302	42530
8282	44421
8633	44748
11079	47052
7942	40323
7721	40105
9617	45634
7343	43583
7477	39880
9375	41634
11359	43512
7825	40226
8032	40392
8402	40728
8297	44433
9439	41706
11225	47181
8487	40804
7295	43545
10298	46302
9768	45753
9296	45332
7417	39823
11256	47209
10896	46864
8991	45072
9061	45138
11354	43509
9458	41728
9666	41950
7395	43636
9816	42087
8572	40882
8812	41107
8950	45039
11090	47062
10167	46172
9726	42004
8451	44582
7585	43819
7506	43742
11202	43373
9955	42217
11195	43368
10711	46694
9224	41501
8290	44430
8243	40586
10636	42818
9678	41962
8941	45030
11364	47296
7933	40315
8005	44182
9223	41499
10187	46192
11138	43304
9572	41851
9818	42088
11222	43389
8174	44334
9284	45320
8783	41081
8211	44362
8406	44538
9424	41691
7936	40316
8723	44829
9194	45239
7605	40010
11197	43369
9271	45304
10122	42386
9900	45889
9354	41616
10822	46794
10468	46451
9381	41641
11388	43540
9240	45272
8058	44222
7801	44002
8284	40624
7930	44107
9921	45917
9997	45991
8758	41059
7363	39769
7813	40214
11026	46998
9031	41324
7695	43907
9520	45553
10841	43022
8127	40480
9492	45518
9467	41740
9074	45151
11133	43297
10396	46389
11347	47283
9332	41594
10869	43061
8231	40569
7728	40117
8577	40890
8242	44389
8689	40988
9476	45503
7603	40008
9662	41948
7720	43931
10638	46619
8066	44233
8984	45067
7696	40085
8766	44862
9178	45227
9246	41524
8151	40505
9091	41384
10810	46788
8229	44379
11230	43399
11383	43537
11169	43338
10411	46401
9146	41438
9001	41289
10856	43046
11113	43278
7318	43562
9823	42094
10754	46736
8719	41024
8272	44414
7804	40202
9048	45121
9207	45244
8720	41025
9861	45848
7727	43937
10276	42513
8421	40744
7512	39922
7821	40223
9577	41857
8411	40737
7540	43781
7669	40063
7843	40239
10570	42757
7533	43773
10030	46026
7965	40339
10283	46287
8988	41277
10815	43002
8214	44367
10442	42650
8968	41258
13258	53352
12126	51842
13676	50510
11561	47551
11591	51159
11850	47944
11632	51213
13159	53214
12740	49204
13025	49592
12233	52004
12053	51731
12385	52219
13699	50532
12599	52479
13851	54125
11839	47929
12326	48629
11509	47482
13863	54139
13528	50327
13878	54157
13824	50706
12362	48684
11563	51124
12262	52056
12473	48832
12168	48400
12618	52510
12346	52183
13768	54012
12725	52629
13166	53229
13497	50281
11513	51056
12699	52597
13492	50276
13921	54212
11499	51043
12572	48987
11620	51199
11648	47659
11775	47834
13687	53898
13712	50545
13881	54160
11460	47417
11831	47913
13612	50428
13238	53326
11412	50934
13137	49778
12314	48618
11797	47863
13163	49810
16184	56011
15438	55404
14551	54740
14161	54428
14534	56949
14532	54724
16610	56341
16380	56155
15513	57751
14644	54814
16759	56472
15110	57408
14011	54309
14330	56793
16544	56296
15649	55578
16042	58156
15286	55306
15450	55411
14086	54369
16019	58143
16773	58730
14660	57054
17754	59776
18047	60091
17966	60005
17512	61560
17987	60025
17419	59434
17288	59292
17895	59920
18168	62242
17023	61101
16892	60970
18121	60182
17286	59290
17482	59502
17950	62036
18080	62154
18054	62126
16878	58835
17676	59710
18029	60067
18566	62664
17695	59722
16931	58886
18547	60628
17618	59655
18192	62273
17070	59027
18345	62430
18534	62638
17937	59980
17479	59497
17911	59940
18204	60281
18459	62554
18690	60761
18607	62717
18659	60728
17123	59094
17255	61331
17943	59985
17259	61335
18450	60528
17959	60001
16927	61000
18697	62799
18104	60164
17374	61439
18687	62787
18051	60098
18310	60394
17357	59362
18600	62706
17225	61303
18620	60691
16818	60883
17476	61526
17449	59470
18124	62200
16810	58762
17571	61624
17822	61890
17197	59188
17701	61766
18337	60425
16844	60923
16974	61038
17390	61463
18642	60711
18126	62203
17309	59313
17192	59183
18585	62686
17402	61471
17946	62029
17742	61803
17378	61444
20303	64408
18987	63077
20609	64737
20074	66056
19911	65888
19649	65613
19045	65034
19537	65511
20386	66368
19553	65532
19708	65675
19851	63927
18971	64951
20099	64180
18860	62960
20053	66029
20292	66282
19670	65633
18963	64939
18808	62903
19781	65758
22053	68172
20675	68970
21817	70222
21128	67182
20947	69275
21939	68060
21392	67450
22207	68336
22717	68880
20916	69231
21159	67210
22619	71096
22246	68367
22317	70754
21998	68115
21710	67800
22114	70521
22396	68540
22630	68791
21991	68107
22376	70810
22193	68320
21126	67179
20939	69264
22169	70584
21792	70205
22254	70671
21296	67360
22208	68339
21520	69923
20796	69107
20749	69057
20953	69286
22482	68634
21734	67823
22458	70913
22108	68232
21476	69869
21567	67951
21474	67551
21679	70092
22060	70472
21600	67685
21002	67034
21186	69552
22559	71017
21508	69911
22723	68884
22459	68612
21447	69836
21556	69966
21058	69404
20649	66657
22481	70942
22322	68447
20771	66783
22714	71198
22692	68854
21920	70325
21689	67786
21390	67448
22703	68867
22636	71115
21054	69401
22541	68700
20679	68975
21825	70228
20936	69258
22156	68271
21035	69378
22260	68381
21559	69973
22182	68308
21024	69366
22449	70902
21771	67867
22550	71012
20964	66990
21096	67144
22367	68503
22348	70787
22664	68824
22687	71166
21628	67725
21410	69787
21869	67979
20829	69146
21629	67726
21694	67789
22267	70689
22575	71034
21451	67522
21281	69654
22409	68553
22340	70781
21516	67588
22445	68597
20751	66758
21097	67145
21270	67338
21368	69731
20684	66692
21168	67220
21566	69976
20753	66761
22439	70886
22223	68353
22628	68789
21311	69680
21765	67855
22398	70829
22574	68740
20901	66914
22760	71240
20691	66705
21986	70402
22159	70570
20736	69037
21467	69861
22426	68577
20927	69249
22594	71061
22374	70809
20758	66766
22611	71088
22555	68715
22678	71154
22685	68844
24408	72555
23868	73563
24117	73770
23737	73454
24457	72596
23158	71580
24371	73980
23139	72947
22910	71369
24505	72625
24159	73807
22835	71309
23211	73009
23432	73195
24295	73923
24347	73966
22926	71382
23561	73305
24512	72630
23817	72072
24250	72429
24528	74110
23286	71672
24122	73775
23217	71622
23263	71655
23235	73027
23437	73197
23926	72168
23361	71727
23845	73541
22832	71307
23396	73164
24530	74113
22784	72668
23567	73311
23881	73572
23489	73243
23342	71717
23927	72169
23911	72149
23296	71684
23913	73594
24378	72536
23201	73002
24401	74000
24416	74015
24469	72604
22873	72740
23152	72963
22961	71414
23956	73630
24437	74032
24189	72380
23262	71653
23551	73295
24415	74013
23887	72129
23587	73323
22955	71406
24245	72425
22936	72782
23199	73001
23761	73472
23063	71498
22839	72712
23416	73181
23037	71474
23347	71718
22820	71297
23648	71950
24214	73855
24425	72570
23476	73228
22819	72698
23892	73577
24021	72253
23768	72038
23950	72191
23331	73105
24308	73935
23486	73241
23156	72966
22792	71274
24226	72405
22968	72808
23972	72207
24091	72309
23485	71817
23189	71603
25427	74720
25056	74482
25032	74462
25132	74532
24859	75062
24851	74353
24649	74921
25049	74477
25486	74753
25457	75449
25471	75463
25090	74508
25350	74683
25503	74762
24898	74387
25332	74668
24798	74316
24636	74910
24584	74161
25065	74490
25234	74605
25294	74639
24595	74172
24918	75094
24714	74963
24762	74287
25463	74738
25143	74539
25075	74499
24983	74440
25010	74451
25313	74658
24733	74973
25263	75322
25615	74839
24549	74852
24552	74139
24877	75072
24947	75112
25358	75387
25551	74793
25113	75227
25190	74575
24678	74227
25566	75519
24737	74977
24984	75137
24978	74438
25549	74791
25239	75301
25261	74621
25136	75239
25403	74706
24765	74993
24880	74373
25059	74483
25134	74533
24864	75065
24621	74195
24883	75076
24913	75090
25561	75515
24738	74267
24887	74380
24926	75102
25206	74584
24845	75051
24825	74334
25491	75478
24710	74247
24550	74134
25369	74694
25303	75352
25061	74486
24867	75066
25343	74679
25595	75539
25189	75279
24841	74346
25312	74656
25613	74838
24556	74141
24956	75122
25552	75508
25440	74728
24969	75127
163	25790
4576	37136
290	25924
5865	31370
5253	37758
2745	28276
5977	31483
2366	35025
5994	31500
2844	28385
2679	35321
2973	28537
4094	29640
5604	31122
3245	35887
5478	31006
6656	39078
3842	36448
2282	27812
2055	34751
2470	27997
1715	34421
5643	38125
6850	39262
4834	37377
2335	35005
2985	35622
1755	27324
301	25935
3087	28667
1166	26788
3587	36205
2886	35513
274	25902
5411	30942
4730	37284
6280	31777
819	26458
7126	32576
3671	36276
1729	34437
958	33681
3963	29493
7176	39588
4354	29883
5870	31377
387	33082
2207	27744
4512	37075
1484	27076
810	33532
425	33137
189	25812
4503	30030
6838	32307
5193	30723
3058	28636
6654	39077
5935	38413
123	32855
5722	31234
1822	27388
6387	38835
2923	28472
3749	36355
1538	34228
2688	35332
4609	37173
4798	30323
5202	30730
1553	27145
5194	37692
5667	31181
1262	33974
2843	35473
1542	34234
5157	37672
6220	31710
3588	29156
3736	36336
150	25782
6331	38781
5775	38265
1952	34664
1513	34209
336	33034
3574	29143
1311	34017
3970	29498
5924	31432
68	25705
4293	36883
6458	31949
3850	36453
5362	37868
2836	28375
1537	34227
827	33548
6881	39289
1344	26976
1442	27048
1061	26693
2059	27611
2515	28038
2201	27736
280	25910
2670	28202
3379	36018
179	32897
3062	35713
4838	30370
3581	36197
6440	38877
4081	29630
6274	31769
6978	32428
6556	38990
573	33286
3952	36546
1116	26740
6158	38636
4766	30286
4302	36893
1533	34220
5339	37842
5646	38128
6906	39320
4203	29740
4856	30390
4134	29676
6194	31682
4206	29742
7019	39430
6061	31558
5526	31046
3806	29348
2478	35150
2430	35102
2270	27800
1772	34474
6580	39010
44	25680
6055	31550
1387	27007
5638	38118
1504	27095
3100	28680
6618	39041
4245	36817
6864	39274
6723	32188
1027	33743
4171	36743
6053	38531
1468	27059
2242	34911
1030	33746
4482	30000
1597	27177
4827	37370
3263	28852
2934	28492
966	26608
5754	38247
3733	29285
1352	34045
7116	39530
579	26206
332	33030
1090	33817
694	26340
6688	32156
4105	36677
4368	29895
5172	30698
7192	39602
2202	27738
5234	30758
1852	34556
5546	31066
4345	29869
1021	26655
792	26430
5123	37645
1014	33727
3267	35906
5467	37977
4338	29859
2798	28335
5398	37912
5164	30687
3577	29145
6892	39307
6754	39172
390	26026
872	26511
4651	37212
6592	39023
5111	30641
5513	31037
1777	27345
3615	36222
1356	34052
6769	32228
5737	38232
4562	37120
1241	33956
3111	28689
686	26334
1141	26768
6172	38650
4678	37240
1365	34062
1638	27221
437	33155
2885	35512
7122	39536
1916	27485
2705	28233
6671	32138
5529	31047
3051	28629
4274	29812
5117	30647
6196	31685
4104	29650
3766	36372
10960	43145
8500	40815
8724	41033
9591	45608
10620	42804
9907	45896
10495	46481
8820	41116
10543	46517
8754	41055
11368	47299
10394	46388
8415	44549
9427	45456
11047	43218
9672	41958
11266	47222
7594	40002
8671	44786
7423	39831
9999	45992
9938	45940
8605	44716
8134	44300
10698	42887
7799	40198
8933	41220
11194	43367
9731	42008
11066	47037
9656	41942
9600	41884
11190	47146
9864	42131
8567	44675
10725	42917
10175	42435
9340	45375
10954	43141
9343	45380
7800	40200
8052	40407
10423	42635
7851	44033
9954	42216
7949	44121
8617	44725
9743	42020
11321	43478
8269	40613
9250	45285
9771	45758
9346	45386
9661	41947
10615	46599
7667	43884
8681	40982
9037	45111
8113	40463
9783	42058
9359	41621
10945	46918
7511	43745
10208	42461
10089	46096
11141	43308
8185	44346
9644	45657
8505	40822
10257	42498
7835	40232
10082	46086
10085	46092
8466	44594
7925	44105
7457	39857
11228	43397
8839	41133
7694	43906
11037	47009
10443	46429
9639	41922
13410	50170
11872	51494
13716	50554
12646	49094
12854	52812
13329	50038
13184	49843
13856	50742
12510	48874
12457	48809
13092	49695
13175	53240
13978	54275
11512	47486
12962	49501
12289	52102
11822	51432
13586	53781
13220	53295
12901	52855
13637	53838
13943	54236
12818	49312
13239	49927
11878	51505
11515	47490
12900	52854
11585	51148
11433	47377
11863	47966
13097	53138
11532	51091
11770	51365
13379	53506
11739	47782
11498	47469
12420	52249
13207	49879
13596	50417
13226	53308
12332	48639
13214	49893
12223	48473
11970	48123
12048	51721
12036	51703
13828	54091
11724	51311
11485	47449
13567	50376
12616	49053
12908	49435
13555	50364
11554	47545
13002	49561
12537	48921
13179	49832
12275	52079
11587	51154
13356	53472
11772	51369
13082	53117
13200	53271
12030	48192
12439	52270
12723	52626
13483	53627
13839	50730
12381	48713
12081	51773
11441	50964
12747	52653
13724	53952
12548	52405
12455	48802
12526	52371
11711	51301
13819	50698
13895	50793
13339	53453
12203	48440
12595	52474
11887	48008
13232	49916
13982	54278
12719	49190
13389	50138
13956	50874
11427	50954
12232	48489
11742	51332
11975	51627
12476	52315
13552	50360
12878	49392
13234	53317
12841	52787
12102	48300
12727	52632
11423	47359
12319	52145
13048	49635
13850	54123
13273	49972
11486	47450
13235	49920
12693	49161
13948	50860
12491	48854
12066	48231
11487	47453
12538	48923
11961	51608
11623	47630
13516	53673
11864	47970
12559	48965
13249	49941
11980	51636
11746	51336
11703	47739
13680	53892
11718	51307
12890	49407
12600	49022
13475	50255
12209	48450
13087	49683
13700	50533
13027	49599
11411	50933
11531	51085
12918	52879
13599	53793
11407	50926
11517	51065
13892	50790
13079	53114
12743	49208
13647	50480
12522	48896
12352	48669
11929	48076
12680	49137
13970	50889
12187	48416
12555	48956
12492	48856
13926	50828
11457	50989
12801	49279
11505	51049
13360	53481
12342	48655
12580	52457
11768	51362
13884	50777
13506	53662
12212	51986
11976	48138
13304	50014
13375	50117
11881	47999
13328	50037
11434	47379
11750	51340
12629	49077
12449	48790
13237	53324
12085	48263
13153	49793
12973	49514
13472	50252
12493	52328
13418	53564
13167	53232
13384	50131
12141	51865
11475	47430
13837	50728
12714	52615
13732	50586
13779	50642
11470	51004
13215	53290
13358	50082
12355	48673
15255	55281
14988	57308
15191	57481
15748	55660
14768	54907
15573	57787
15987	58119
16772	56481
16711	58680
14939	57265
15199	57491
14369	54592
16347	58415
14257	56737
16382	58439
14633	54803
14655	54823
15455	57700
16165	58258
15382	55375
15487	57729
16463	58502
14227	54480
15428	57685
16796	58746
16686	56406
16086	55924
14972	57292
16696	56414
14182	56662
16794	58745
15914	55785
16054	58170
16485	58511
14606	57010
14473	54671
16662	56379
15341	55345
15261	55287
16295	58374
14361	54586
15288	57560
15667	55597
13997	56506
16323	58391
14207	56686
15749	55661
15388	57653
14906	57241
14949	57272
14941	57268
15815	55713
15168	57462
15658	57851
15707	57889
16604	58601
15132	57434
14066	56551
15418	57676
15437	55403
15984	55834
14054	56542
16342	58409
16433	56201
15827	57987
15031	55127
15627	55559
14971	57290
15036	57346
14062	54351
14275	54517
14631	57029
14722	54876
15893	58038
15822	55715
15650	55582
15891	55770
15116	57412
14788	54930
15235	55265
16803	56504
14200	54455
15332	55339
15220	55252
14438	54647
16724	56438
15587	57797
14037	56524
15584	55527
15522	57757
14630	57028
16366	58424
15790	57950
14518	54712
14564	56974
15662	55590
15289	55307
16603	58599
15169	55215
16783	56489
15165	55213
14552	56963
16357	58421
15336	55344
15335	55343
16997	58956
18443	62537
18281	62347
17679	61744
18319	60406
18740	60811
17492	59512
20084	66065
19749	63815
19176	65158
21665	67761
21355	69717
21449	67520
21574	67654
21280	69652
22264	70685
24387	72543
23153	72964
22875	71338
23602	73335
23155	71576
22790	72672
23339	73114
23889	72133
22907	72763
23899	72144
22987	71437
23753	72028
23046	71479
24218	73859
23698	73417
24008	72242
24287	73912
23315	71699
24421	74017
24197	72387
25248	75312
3254	28844
3836	36441
929	33655
6856	32323
5101	30629
4525	30059
2272	34947
5031	30554
1918	27486
862	26503
6147	31644
865	26505
3583	36202
2914	35548
2480	28007
4616	37179
4182	36753
3578	36195
6063	38537
1601	27181
7286	32730
2078	34770
3315	35959
3157	35800
1946	34656
1054	33779
3680	29241
4493	30016
2051	27605
9214	45252
10970	46953
9517	45551
9226	45264
10572	42761
7875	44059
9560	45583
12011	48178
12852	52808
17281	59283
18683	60752
18705	60780
19299	63360
19461	65428
19578	63652
19272	65252
22463	70918
21001	69346
24888	74381
2022	34722
3484	36103
4848	37388
6436	38875
3705	29264
6226	38696
875	26515
4578	37140
172	32890
3798	36398
5169	30694
2150	27690
4417	29936
4557	30085
1460	34163
1217	33929
2333	27857
4880	37415
5314	30848
7206	39617
4527	37090
3868	29403
3274	35911
1694	34393
2175	27712
3141	28713
2969	28529
2210	34888
5988	31494
4757	37305
3595	36207
934	26580
4711	37271
7115	32565
6214	31704
7236	39650
4852	30385
4316	36910
1562	27153
4312	29840
2147	27688
5445	30971
15	25651
3971	36563
2531	28054
4460	29984
1976	34684
7060	32518
2655	35300
7826	44016
8982	45063
7359	43607
7738	43949
10023	42280
7664	40057
11096	47065
11766	51360
11868	47974
13964	54256
12869	52824
13351	53464
13873	50768
15995	55850
14298	54539
15436	57690
15816	57979
14934	57263
16634	58624
16418	58467
16216	58310
14832	54962
14821	54953
16542	58549
16114	58217
15187	57478
14097	54378
15872	55755
16076	55915
15177	55221
15735	57908
14242	56723
16556	56307
15684	57872
15092	55163
18612	60681
18644	62749
18101	60161
18006	62086
17429	59446
17503	61549
18046	62117
17819	59839
17055	59012
18140	60200
17467	59485
16863	58822
17176	61244
18503	62594
17726	61792
17934	62015
18109	62180
17329	59339
17866	61949
16947	61016
17322	61392
18127	62204
17332	61403
17021	61095
17272	59273
17179	59162
17282	59284
17345	59354
17907	61981
18023	62094
18745	62844
17606	59637
17862	59887
18325	62408
17305	59309
18332	62418
17524	59554
17684	61750
18599	60668
18780	62878
18009	60047
16891	60968
16897	60974
18372	60455
18164	62237
16958	61023
18335	60423
18550	60631
17318	59325
17168	61235
18556	62654
16839	60916
17499	59519
18636	60706
18586	60656
17222	59225
17215	59209
18096	60158
18162	60231
17747	59770
18276	60353
17349	61415
18352	62440
17783	61855
18752	62850
18149	62223
17837	61905
16901	60976
18402	60492
17918	61995
18275	62342
18320	62402
16985	58944
17451	61511
18271	60348
17905	61978
18447	60526
16933	61005
17904	59929
18037	60076
17173	59150
17207	61286
18446	60524
17629	61695
17810	61878
17040	61117
17091	59056
16862	58821
17643	61708
18618	60689
18649	62754
17181	61246
17115	59083
18363	62451
16943	58903
16888	60965
17526	59555
17521	59552
18252	60332
17811	61879
17382	61452
18150	62225
17393	61465
17182	59167
18650	62756
17941	62022
17853	61932
16918	58875
18764	60838
17217	59216
18665	62768
17158	59131
18487	60569
17189	59176
17163	61232
18798	64774
20275	64374
20638	64760
19252	63304
19375	63445
19566	63640
19508	65480
20167	66162
19643	65608
19436	63512
19318	65296
20042	64121
18988	64976
18822	64798
19101	63174
18843	64821
19374	65349
19497	65465
20112	66101
19400	65375
20272	64371
20073	64154
19615	65583
20486	66487
18888	62982
19267	63323
19151	65135
19506	65477
19776	65752
19002	64987
19364	63428
19031	63114
19356	63419
20274	64373
19829	63907
19672	65635
19713	65682
19473	65443
20618	64746
20517	66519
20558	64672
18921	64903
18896	62993
20334	66319
20585	64703
19187	65173
19960	64039
19507	65479
20384	66367
18917	63017
19012	63101
20186	66175
19144	65125
19811	65792
19065	65053
19097	63166
19793	65771
20629	64753
19417	63496
20388	64495
19984	65972
19350	63411
20116	64204
19339	65315
19737	63804
19366	63436
18805	64782
18910	64895
19105	63180
19799	65776
20459	66447
18862	64843
19738	65717
18934	64916
20225	64321
19908	65883
19711	65680
19227	65210
19074	63150
20050	64127
19177	65160
19359	65330
19625	63699
20399	64505
19855	63937
19204	63267
18991	64980
20383	66365
20019	64100
20032	66011
19259	65236
20496	64607
20034	64114
20007	65992
19106	63182
19671	65634
19655	65618
19843	65821
20628	66641
18842	64819
20380	64485
20397	64502
20512	64622
18830	64807
20473	64586
20097	64176
19383	63459
19172	63237
19812	65794
20365	66346
19551	65530
19934	65913
19464	65431
18878	62975
20391	66372
19925	65902
19100	63173
19210	65197
19341	63402
19740	65719
19027	65012
20327	66316
20100	66086
19889	65864
19381	65355
20006	64085
20079	64159
19180	63241
20195	66184
19732	63799
20161	66155
20575	66598
19909	65884
19582	65554
19668	63732
19444	63518
20096	64173
20595	64720
18922	63021
20470	64582
19656	63724
19570	65544
19134	65115
18838	62940
19560	63634
19253	63307
19916	63998
19205	65187
19607	63688
20268	64365
20008	64088
20545	64652
19191	63249
19991	64071
20054	66030
20273	64372
19974	65964
19421	63500
20165	66161
19973	64053
19295	65281
19196	65179
18923	63022
18981	64966
20283	66267
19475	63544
18850	64832
18848	64830
19634	63707
19325	63395
20330	64434
19174	63239
18831	62935
19558	63633
19387	63466
19882	63968
19215	65200
19284	65268
21421	69796
21705	67797
21045	69391
21732	67819
21843	70245
21919	70324
21746	70161
22754	71232
21287	69658
22596	68754
21285	69656
21607	70014
21477	69870
21553	67631
22639	68800
21505	67578
22020	70437
21589	67671
21529	67603
20732	69033
21637	70046
21889	68000
22139	70550
21297	67361
22057	68176
21365	67423
22704	68868
22250	70667
21840	70243
21649	70060
21663	67757
21043	67085
22757	71236
22116	70522
22290	68407
22243	70658
20854	69174
22642	68802
21361	67421
22040	70452
21590	67673
22330	70777
21401	67466
21201	69575
21179	67234
21138	69503
20677	68972
21253	69622
21385	67437
22036	70448
21880	67987
21929	68046
22189	68316
22686	68848
22162	70578
21495	69892
20670	66676
22315	70747
22608	68772
21822	70226
22549	71008
20928	69250
20866	66876
22671	71149
20713	66732
21073	67115
21351	69713
21055	67099
23398	73167
23699	73419
24288	72458
23900	72145
24273	72448
23084	71510
24057	73715
23901	72146
22871	72737
23214	73012
25081	74503
25583	74818
24885	74378
5248	37755
3319	35962
6766	32226
62	32790
2840	28381
6087	38566
1743	34451
2586	35234
4118	29658
6708	32173
7331	39749
9212	41493
8037	44200
9195	41474