5835	38320
13543	50346
14329	54559
3458	36074
5331	37834
6169	38645
1785	34489
11283	47232
10800	46777
8602	44712
7527	43769
9423	41690
9386	45417
11527	51073
12632	49081
13402	53543
15832	55722
16363	58422
14546	54736
14222	54476
17468	59486
18731	60800
19637	65606
19056	65044
19083	65066
20811	66827
21612	67703
21883	67988
24276	72450
23253	73043
22954	71405
23208	73007
23233	71635
24673	74934
24902	74392
25101	74513
25334	75367
24971	75129
24669	74223
25461	74734
25213	74591
1645	27227
5009	37536
1289	26928
4824	30351
4772	37324
3506	29073
682	26327
4115	36686
108	32841
6352	31854
4254	29782
2065	34762
4383	29906
2418	27941
5088	30613
6690	39102
4734	30253
6271	38730
3621	36227
4808	37353
5887	38370
1749	34459
6454	38895
2346	27866
5447	30975
2024	34727
3463	36081
6476	38920
7183	39594
4051	29598
2137	34834
2310	27838
4895	37430
5055	30580
1768	34469
4257	36831
4794	30317
4298	36891
1876	27443
6128	38606
7641	43863
9320	41585
9077	41368
8291	40631
7640	40041
11024	46996
11304	43463
9107	45176
9241	45273
10529	42719
10323	46319
7909	44092
9444	45472
11341	47280
9586	45605
7717	43923
11039	47012
9538	45561
7644	40044
7388	39798
11317	47259
8359	44489
10661	42848
10768	42960
9971	45963
7986	44162
8073	40426
9990	42253
8960	41248
7374	43620
8732	44833
11315	43473
11044	43216
9634	41918
11952	51596
13841	50732
11771	51367
13684	53895
12800	52732
12302	52121
11842	51457
12423	52256
11625	51206
11928	48075
12237	52012
13893	54170
12867	49370
13101	53145
12676	49132
13421	50187
12360	48680
13742	50598
12706	52606
11477	51014
13685	53896
12357	48674
11616	51191
12371	52206
15982	58115
14036	54333
14938	55050
15140	57440
15800	55700
15850	55737
14671	54833
15825	55717
14093	54375
16459	56220
16511	58533
16504	58525
15977	55827
16249	56065
14004	54303
15155	57450
15030	55126
16158	55988
14111	56601
17617	59654
17800	61871
17270	61343
17077	59038
17746	61817
18108	60171
18784	60853
16895	58850
18015	62090
18552	60632
17882	59906
18195	60262
16946	58904
17151	61219
18292	62363
18695	62796
18143	60207
18377	62465
20498	66496
18911	64898
19274	65255
20538	64649
20036	64116
20132	64220
20039	64118
20314	66304
20124	64212
20194	64284
19055	65043
19856	63938
19597	65569
19449	63523
18959	63058
20487	64599
20372	64477
19219	65204
20592	64717
20338	64438
20137	66127
18925	64906
19376	65350
21246	67306
22766	71250
21330	69687
21366	67424
20809	66822
21061	69408
20878	66886
20895	66907
22039	68159
22477	70938
21842	67949
22358	70796
22380	68525
21594	70003
22232	70647
21839	70240
22075	68192
22607	71081
22414	70854
21917	70318
21215	67274
22733	71214
21910	70311
22430	68581
21176	67231
22595	68752
20748	69055
22666	71146
21012	69356
22679	71156
21369	69732
21180	69545
22511	68666
21575	67655
22142	70552
24370	73979
23229	71631
23931	73613
23951	72192
23508	71834
24359	72527
23242	73035
24294	72461
23473	71811
24108	73759
23781	72047
23322	73098
23608	71917
23766	73477
23806	72064
22895	71355
23872	72111
23857	73551
24424	72569
22822	72700
23790	72051
22864	72731
23125	72936
24042	73696
23460	73216
23400	73169
23105	72927
23813	73512
23610	71919
23687	73408
24132	73784
22800	72683
23111	71530
24110	73761
23490	73244
24597	74879
24705	74243
24606	74183
25014	75165
25414	74710
24624	74897
24766	74994
25155	74552
25518	75496
24801	74318
24943	75108
24923	75099
24775	74299
25462	74735
25305	75355
25226	75298
25055	75192
24970	75128
24564	74147
24577	74866
25599	74827
6040	38524
5160	30685
3534	29098
5369	37873
2834	35462
372	33070
2722	35356
2905	28452
2990	35624
1554	34245
4551	37109
3864	29397
2881	28427
6272	38731
4063	29614
6604	32085
712	26356
988	33701
4844	37384
5801	31309
3014	35656
5429	37941
5778	31287
913	26558
5567	38062
1123	33847
4767	37318
5565	38060
6244	38708
2546	35201
4355	36937
4656	37215
6726	39138
2872	35498
1375	34073
6994	32445
6284	38738
6359	31862
2167	27703
6389	31884
6367	38804
473	33190
4996	37521
2744	28274
3243	35885
587	26218
6992	32444
5286	37788
1577	34267
3714	29271
7212	39625
5978	38459
3107	28684
6197	31688
1000	33716
4982	37511
2073	27623
3675	29235
1964	27529
5696	31208
7016	32470
3118	35770
2395	27919
5439	30967
3833	29372
6673	39091
1830	27393
7133	39543
566	26195
3146	28717
3137	35784
7077	39487
373	33071
5444	37951
6424	31926
2472	27998
3748	29299
7280	39699
7025	32478
3869	29404
4416	36990
5086	37614
6570	32059
834	33557
3747	36352
2075	27626
7001	32454
794	26432
5098	37621
5635	31160
1244	26878
3241	28826
3216	28802
2026	34730
1157	26782
2514	28037
5675	38154
3080	35739
3015	28590
2431	35104
2168	34861
5717	38210
2197	27731
191	25816
3738	36338
1143	26769
1212	33924
6757	32213
1767	34468
2706	28235
2462	27985
1933	34640
409	33114
6697	39106
5422	30954
3903	29436
5522	38025
2589	35240
4944	30475
3234	28820
4590	30115
5939	38418
837	33560
45	32780
1949	27508
3497	36128
789	26426
16	32753
3658	29218
7185	39595
3220	28807
5370	30894
5630	38110
4392	29913
2542	35199
1710	27288
6089	31585
6533	38970
7074	39484
635	33360
921	33647
5081	30608
4612	30138
6235	38702
2638	28162
424	33136
6373	38815
3647	36257
4751	30269
4044	36631
9103	45174
11200	47148
11098	47069
10578	42766
9578	41860
7473	39874
10007	45998
7435	39840
9249	41533
10883	43073
10769	42961
7325	43569
8816	44908
9254	45287
7365	39773
10347	46349
10944	46917
10489	46472
11296	47244
9540	41815
11167	47126
8930	45022
10497	42687
7787	43991
8467	44596
8970	45054
7753	40139
10049	42303
9844	45821
11042	47020
11277	43446
10304	46305
8056	40409
10655	46632
10451	46436
11075	47045
11203	47151
9929	45930
7620	43850
7488	43726
10068	46067
9624	41910
8656	40965
9018	41308
8356	40677
9474	45501
8087	44258
9466	45499
9029	41320
9316	45352
8304	40642
9464	45498
8789	41086
7894	44078
7505	43741
10314	46312
10975	46959
11223	47178
8315	40646
7676	43889
7836	40234
8549	40860
9204	45242
7552	43790
9360	41622
8042	44207
7301	39725
7518	43755
11249	43419
11214	43379
10745	42933
8104	44271
7916	40301
11320	43477
10156	42409
11119	43286
11022	46995
9504	45532
9215	45253
10075	46081
7869	44052
10637	46617
8845	44930
9842	45820
9590	41872
10588	46565
7862	40255
10125	42387
8942	41230
9068	41360
9830	42103
9385	41646
7985	40353
10881	46848
8707	41010
10850	43035
8815	41111
10392	42611
9650	41935
9129	45190
7658	43877
9831	42104
8063	44224
9460	45489
9409	45442
7713	43920
10909	46882
11043	43215
9996	42259
8318	44461
7968	40341
9441	45469
8008	40372
8512	44623
9411	45443
11120	43287
9442	41707
7912	44095
10348	46350
11362	47294
10576	46554
9168	41454
10656	46633
9827	45807
10221	46225
9450	45476
9426	41693
8257	40599
11268	43434
10999	46976
10135	46146
8357	40678
10044	42296
10946	43130
10072	46077
10297	46301
11306	43467
9793	42064
10827	46798
7964	44135
8535	44648
10405	46397
9186	41464
7555	43793
7737	40126
10211	46217
9674	45681
9707	41985
10872	46841
7569	39979
11117	47084
8761	44857
9163	45216
10824	46796
8642	40953
7958	44127
9435	45464
8083	40436
9554	41836
9607	41890
9105	41396
7731	40120
9059	41357
10705	46688
11148	43315
10605	46588
7545	39962
7557	43795
10733	42925
8021	44192
10420	46411
10247	46249
10994	46970
8067	44232
9265	41543
8282	44421
7721	40105
9617	45634
7343	43583
7477	39880
9375	41634
11359	43512
7825	40226
8032	40392
8297	44433
8487	40804
7295	43545
10298	46302
9296	45332
8991	45072
11354	43509
9458	41728
9816	42087
8950	45039
11090	47062
10167	46172
8451	44582
7506	43742
11202	43373
9955	42217
11195	43368
10711	46694
9224	41501
8290	44430
8243	40586
10636	42818
8941	45030
7933	40315
8005	44182
9223	41499
11138	43304
9818	42088
8211	44362
8406	44538
7936	40316
8723	44829
7605	40010
9271	45304
10122	42386
9900	45889
10468	46451
11388	43540
8058	44222
8284	40624
7930	44107
9921	45917
7363	39769
11026	46998
9031	41324
7695	43907
10841	43022
8127	40480
9492	45518
9467	41740
9074	45151
11133	43297
10396	46389
7728	40117
8689	40988
9476	45503
7720	43931
8984	45067
8766	44862
9178	45227
9246	41524
8151	40505
10810	46788
8229	44379
11383	43537
11169	43338
7318	43562
9823	42094
10754	46736
8719	41024
8272	44414
7804	40202
9048	45121
9861	45848
7727	43937
10276	42513
8421	40744
7540	43781
7843	40239
10570	42757
7533	43773
10030	46026
7965	40339
10283	46287
8988	41277
10815	43002
8214	44367
12126	51842
11591	51159
11632	51213
12740	49204
13699	50532
12599	52479
13851	54125
12326	48629
11509	47482
13878	54157
13824	50706
12362	48684
11563	51124
12346	52183
13768	54012
13166	53229
13497	50281
11513	51056
12699	52597
13921	54212
11499	51043
11648	47659
11775	47834
13687	53898
13712	50545
13238	53326
11412	50934
13137	49778
12314	48618
13163	49810
16184	56011
15438	55404
16380	56155
15513	57751
16759	56472
14011	54309
16544	56296
15649	55578
16042	58156
15286	55306
15450	55411
14086	54369
16019	58143
16773	58730
17966	60005
17512	61560
17987	60025
17419	59434
17895	59920
17023	61101
16892	60970
17950	62036
18080	62154
18054	62126
16878	58835
18029	60067
17695	59722
16931	58886
18547	60628
17618	59655
17070	59027
18534	62638
17937	59980
17479	59497
18204	60281
18607	62717
17123	59094
17255	61331
17259	61335
18450	60528
17959	60001
16927	61000
18104	60164
17374	61439
18687	62787
18310	60394
18620	60691
16818	60883
17476	61526
18124	62200
16810	58762
17571	61624
17822	61890
17197	59188
17701	61766
18337	60425
16844	60923
16974	61038
18642	60711
18126	62203
17309	59313
17192	59183
17946	62029
20303	64408
20609	64737
19911	65888
19649	65613
19045	65034
19537	65511
19708	65675
19851	63927
18860	62960
20053	66029
20292	66282
19670	65633
18808	62903
20675	68970
21817	70222
21128	67182
20947	69275
21939	68060
22717	68880
20916	69231
21159	67210
22619	71096
22317	70754
21998	68115
22114	70521
22630	68791
22376	70810
21126	67179
20939	69264
22169	70584
21792	70205
21296	67360
22208	68339
20796	69107
20749	69057
22482	68634
21734	67823
22458	70913
22108	68232
21567	67951
21474	67551
21600	67685
21002	67034
21186	69552
22459	68612
21447	69836
21556	69966
21058	69404
22481	70942
20771	66783
22714	71198
21920	70325
21689	67786
22703	68867
21054	69401
22541	68700
20679	68975
21825	70228
20936	69258
21035	69378
22260	68381
21559	69973
22182	68308
21024	69366
22449	70902
22550	71012
20964	66990
21096	67144
22367	68503
21869	67979
21629	67726
22267	70689
22409	68553
22340	70781
21516	67588
22445	68597
20751	66758
21270	67338
21368	69731
21168	67220
21566	69976
22439	70886
22223	68353
22628	68789
21311	69680
22398	70829
20901	66914
20691	66705
21986	70402
22159	70570
20736	69037
22426	68577
20927	69249
22374	70809
20758	66766
22611	71088
22678	71154
24408	72555
23868	73563
23737	73454
23158	71580
22910	71369
24505	72625
24159	73807
23211	73009
23432	73195
24295	73923
24347	73966
22926	71382
23235	73027
23437	73197
23926	72168
23361	71727
23845	73541
22832	71307
22784	72668
23567	73311
23342	71717
23911	72149
23913	73594
23201	73002
24416	74015
24469	72604
22961	71414
23956	73630
24437	74032
23262	71653
23551	73295
23587	73323
22955	71406
24245	72425
22936	72782
23199	73001
22839	72712
23037	71474
23347	71718
22820	71297
23648	71950
24214	73855
24425	72570
22819	72698
23892	73577
24021	72253
23768	72038
24308	73935
22792	71274
24226	72405
22968	72808
23972	72207
24091	72309
23485	71817
25427	74720
25032	74462
25132	74532
24859	75062
24851	74353
24649	74921
25486	74753
25471	75463
24898	74387
25332	74668
25065	74490
25294	74639
24595	74172
24918	75094
24714	74963
24762	74287
25463	74738
25075	74499
24983	74440
25010	74451
25313	74658
24733	74973
25263	75322
24549	74852
24552	74139
24877	75072
24947	75112
25358	75387
24678	74227
24737	74977
24984	75137
24978	74438
25549	74791
25261	74621
25403	74706
25059	74483
24864	75065
24913	75090
25561	75515
24738	74267
24887	74380
25491	75478
24710	74247
24550	74134
25303	75352
25061	74486
24867	75066
25595	75539
25613	74838
24956	75122
25552	75508
25440	74728
24969	75127
4576	37136
290	25924
5253	37758
5977	31483
2844	28385
5604	31122
5478	31006
6656	39078
3842	36448
2282	27812
1715	34421
5643	38125
6850	39262
4834	37377
2335	35005
2985	35622
1755	27324
301	25935
3087	28667
3587	36205
2886	35513
274	25902
6280	31777
819	26458
3671	36276
1729	34437
4354	29883
5870	31377
387	33082
2207	27744
4512	37075
1484	27076
810	33532
425	33137
4503	30030
6838	32307
5193	30723
3058	28636
5935	38413
123	32855
1822	27388
6387	38835
2923	28472
3749	36355
1538	34228
2688	35332
5194	37692
2843	35473
1542	34234
5157	37672
6220	31710
3588	29156
6331	38781
5775	38265
1952	34664
1513	34209
336	33034
1311	34017
6458	31949
5362	37868
1537	34227
827	33548
6881	39289
1344	26976
1442	27048
2201	27736
2670	28202
3379	36018
179	32897
4838	30370
3581	36197
4081	29630
6274	31769
6978	32428
6556	38990
573	33286
3952	36546
1116	26740
6158	38636
4766	30286
4302	36893
1533	34220
5646	38128
4856	30390
4134	29676
6194	31682
4206	29742
7019	39430
6061	31558
5526	31046
2430	35102
2270	27800
1772	34474
6055	31550
1387	27007
5638	38118
1504	27095
4245	36817
6864	39274
1027	33743
2242	34911
4827	37370
3263	28852
2934	28492
966	26608
5754	38247
3733	29285
7116	39530
332	33030
1090	33817
6688	32156
4105	36677
4368	29895
5172	30698
7192	39602
2202	27738
5234	30758
1852	34556
5546	31066
4345	29869
1021	26655
5123	37645
1014	33727
3267	35906
5467	37977
5398	37912
5164	30687
3577	29145
872	26511
5513	31037
5737	38232
4562	37120
1241	33956
686	26334
1638	27221
437	33155
2885	35512
7122	39536
1916	27485
2705	28233
5529	31047
4274	29812
5117	30647
4104	29650
3766	36372
10960	43145
8500	40815
8724	41033
9591	45608
10620	42804
8754	41055
11368	47299
8415	44549
11047	43218
11266	47222
8671	44786
7423	39831
9999	45992
9938	45940
8605	44716
8134	44300
10698	42887
7799	40198
11066	47037
9656	41942
9600	41884
11190	47146
9864	42131
8567	44675
9340	45375
10954	43141
8052	40407
7851	44033
9954	42216
7949	44121
8617	44725
9743	42020
8269	40613
9250	45285
9346	45386
9661	41947
10615	46599
7667	43884
8681	40982
9037	45111
9359	41621
10945	46918
7511	43745
10089	46096
8185	44346
9644	45657
10257	42498
10085	46092
7925	44105
7457	39857
11228	43397
7694	43906
10443	46429
11872	51494
12646	49094
12854	52812
13184	49843
13856	50742
12457	48809
13092	49695
13978	54275
12962	49501
12289	52102
11822	51432
13586	53781
13220	53295
13637	53838
13943	54236
11878	51505
12900	52854
11585	51148
11433	47377
13097	53138
11532	51091
11739	47782
11498	47469
13207	49879
13596	50417
12332	48639
13214	49893
12223	48473
12048	51721
12036	51703
13828	54091
11724	51311
13567	50376
13555	50364
11554	47545
13002	49561
12537	48921
13179	49832
12275	52079
11587	51154
13356	53472
13200	53271
12439	52270
12723	52626
13483	53627
13839	50730
12081	51773
12747	52653
12548	52405
12455	48802
13895	50793
13339	53453
13232	49916
13982	54278
12719	49190
13389	50138
13956	50874
11427	50954
12232	48489
11742	51332
11975	51627
12476	52315
13552	50360
12878	49392
13234	53317
12102	48300
12727	52632
12319	52145
13273	49972
13235	49920
12491	48854
12538	48923
11623	47630
11864	47970
12559	48965
13249	49941
11980	51636
11746	51336
13680	53892
12890	49407
12600	49022
13475	50255
13087	49683
13700	50533
11531	51085
12918	52879
11517	51065
13892	50790
13079	53114
12743	49208
13647	50480
12522	48896
12352	48669
12680	49137
13970	50889
13926	50828
11457	50989
12342	48655
11768	51362
13884	50777
13506	53662
12212	51986
13375	50117
11881	47999
13328	50037
11434	47379
11750	51340
12629	49077
12449	48790
12085	48263
13153	49793
12493	52328
13418	53564
13167	53232
13384	50131
11475	47430
13837	50728
12714	52615
13732	50586
11470	51004
15191	57481
14768	54907
15987	58119
16711	58680
14939	57265
15199	57491
14257	56737
16382	58439
14633	54803
14655	54823
15455	57700
16165	58258
15487	57729
16463	58502
14227	54480
16686	56406
14972	57292
16696	56414
16794	58745
15914	55785
16054	58170
14606	57010
14473	54671
16662	56379
15261	55287
16295	58374
15288	57560
15667	55597
13997	56506
16323	58391
14207	56686
15388	57653
14906	57241
15815	55713
15168	57462
15658	57851
15707	57889
15132	57434
14066	56551
15984	55834
16433	56201
15031	55127
14971	57290
14275	54517
14631	57029
15893	58038
15822	55715
15891	55770
15116	57412
15235	55265
14200	54455
15220	55252
14438	54647
16724	56438
14037	56524
15584	55527
15522	57757
14518	54712
14564	56974
15662	55590
16603	58599
16783	56489
15165	55213
15336	55344
18443	62537
18281	62347
17679	61744
18319	60406
20084	66065
19749	63815
21665	67761
21355	69717
21574	67654
21280	69652
24387	72543
22875	71338
22907	72763
23753	72028
23046	71479
24218	73859
23698	73417
24008	72242
24287	73912
23315	71699
25248	75312
929	33655
5101	30629
4525	30059
5031	30554
1918	27486
862	26503
6147	31644
3583	36202
2914	35548
2480	28007
4616	37179
1601	27181
7286	32730
3315	35959
3157	35800
1054	33779
3680	29241
2051	27605
9214	45252
10970	46953
9517	45551
9226	45264
9560	45583
12011	48178
12852	52808
18683	60752
19299	63360
19461	65428
19578	63652
19272	65252
22463	70918
21001	69346
3484	36103
4848	37388
6436	38875
4578	37140
3798	36398
5169	30694
2150	27690
4417	29936
1460	34163
4527	37090
3274	35911
1694	34393
3141	28713
2210	34888
5988	31494
4757	37305
3595	36207
934	26580
6214	31704
7236	39650
4316	36910
1562	27153
4312	29840
2147	27688
5445	30971
3971	36563
2531	28054
4460	29984
1976	34684
7060	32518
2655	35300
7826	44016
10023	42280
11096	47065
11868	47974
12869	52824
13351	53464
14298	54539
14934	57263
16634	58624
16216	58310
14832	54962
16542	58549
16114	58217
15187	57478
14097	54378
15872	55755
15177	55221
15684	57872
18612	60681
18644	62749
18101	60161
18006	62086
17429	59446
17503	61549
17819	59839
17055	59012
17467	59485
17176	61244
18503	62594
17726	61792
18109	62180
17329	59339
16947	61016
17322	61392
18127	62204
17332	61403
17179	59162
17282	59284
18023	62094
18745	62844
17606	59637
17862	59887
18325	62408
18332	62418
17524	59554
18599	60668
18780	62878
18009	60047
16891	60968
16897	60974
18372	60455
16958	61023
18335	60423
17168	61235
18556	62654
16839	60916
17499	59519
17215	59209
18096	60158
18162	60231
17747	59770
18752	62850
18149	62223
17837	61905
16901	60976
17918	61995
18320	62402
16985	58944
17905	61978
18447	60526
16933	61005
17904	59929
18037	60076
17173	59150
18446	60524
16862	58821
17643	61708
18649	62754
17181	61246
18363	62451
16888	60965
17521	59552
18252	60332
17811	61879
17393	61465
17182	59167
18650	62756
17941	62022
17853	61932
16918	58875
18665	62768
17158	59131
18487	60569
17189	59176
17163	61232
20275	64374
20638	64760
19252	63304
19375	63445
19566	63640
19508	65480
19643	65608
19436	63512
20042	64121
18988	64976
19101	63174
19374	65349
19497	65465
20112	66101
19400	65375
19615	65583
20486	66487
19151	65135
19506	65477
19364	63428
19031	63114
19356	63419
19829	63907
19713	65682
19473	65443
18921	64903
18896	62993
20334	66319
20585	64703
19187	65173
19960	64039
20384	66367
19012	63101
20186	66175
19144	65125
19811	65792
19065	65053
19097	63166
19793	65771
20629	64753
19417	63496
20388	64495
19350	63411
19339	65315
19737	63804
19105	63180
18862	64843
19738	65717
19908	65883
19711	65680
19074	63150
20050	64127
19177	65160
20399	64505
19204	63267
20383	66365
20019	64100
20032	66011
19259	65236
20496	64607
20007	65992
19671	65634
19655	65618
19843	65821
18842	64819
20380	64485
20397	64502
20512	64622
18830	64807
20097	64176
19383	63459
19172	63237
19812	65794
19551	65530
19464	65431
20391	66372
19925	65902
19100	63173
19210	65197
19740	65719
20327	66316
20100	66086
19889	65864
19381	65355
20006	64085
20079	64159
19909	65884
19582	65554
20096	64173
20595	64720
18922	63021
20470	64582
19656	63724
19570	65544
19134	65115
18838	62940
19253	63307
19916	63998
19205	65187
19607	63688
20008	64088
20545	64652
19191	63249
20054	66030
19974	65964
19421	63500
19295	65281
19196	65179
18923	63022
20283	66267
19475	63544
18850	64832
19325	63395
20330	64434
19174	63239
19387	63466
19882	63968
21421	69796
21705	67797
21045	69391
21843	70245
21919	70324
21746	70161
22754	71232
21287	69658
21285	69656
21607	70014
21477	69870
21505	67578
21529	67603
20732	69033
21637	70046
22139	70550
22057	68176
21365	67423
22704	68868
21840	70243
21649	70060
21663	67757
22757	71236
22116	70522
22290	68407
20854	69174
21361	67421
22040	70452
21590	67673
22330	70777
21201	69575
21880	67987
21929	68046
22189	68316
22686	68848
22162	70578
20670	66676
22315	70747
21822	70226
22549	71008
20866	66876
22671	71149
20713	66732
21073	67115
21351	69713
23398	73167
24288	72458
23900	72145
23084	71510
24057	73715
25081	74503
25583	74818
3319	35962
6766	32226
62	32790
2840	28381
6087	38566
4118	29658
6708	32173
7331	39749
9212	41493
9195	41474