241	16482
1603	25365
1815	25814
2297	36262
2602	37317
160	10987
709	5022
382	9616
740	13966
1491	24295
1167	18114
1534	23420
1133	21933
1062	23731
1337	24087
1317	19246
1232	19119
1583	22521
1854	31035
2008	27118
1987	27913
1724	27415
1762	26586
1785	30020
1960	28727
1649	29713
1748	29099
2207	34412
2043	32390
2268	36740
2056	35797
2142	35955
2087	35309
2318	35207
2255	36706
2468	39655
2417	40593
2447	37548
2361	39473
2864	42740
2788	41236
2862	43674
2630	43794
2833	44125
3277	48186
3262	46474
3113	46229
2974	45419
3098	47344
3334	51575
3463	49571
3330	50459
3482	50321
3533	49676
3301	51138
3696	52349
3580	52609
3605	53522
3570	52239
3678	53077
3593	52806
3715	52377
3640	53559
808	6985
32	3785
637	13820
591	17191
621	8365
290	4244
162	12820
79	3877
509	15327
503	17008
640	6624
876	14298
97	5583
193	7498
492	13453
782	8679
337	9533
261	7668
522	4711
403	7912
424	11508
48	14427
790	15857
636	8396
834	10563
72	9033
776	8665
559	8261
514	11739
673	15645
313	4300
471	16942
665	12039
303	4277
29	14400
387	6113
658	8451
467	13410
359	9575
279	16559
1	14345
347	13182
700	15669
431	7973
354	4375
663	10178
201	11060
414	16824
577	4828
655	15624
763	12201
525	11756
426	4516
254	11183
683	15654
345	13178
678	12053
521	13538
1108	18982
1184	24823
1276	18254
1614	20645
1183	21027
992	24588
1205	22991
1331	22236
1248	22097
1535	22466
1268	19175
1404	25109
1620	24469
1461	23337
998	23657
1418	23250
921	24512
1370	24130
1096	18965
1525	21470
956	23617
1447	23305
1098	24739
1380	22305
974	19752
967	18780
923	19693
1626	21615
1445	19414
1229	21083
1026	22748
1216	23932
1479	22417
1194	20059
1188	23896
1539	18577
1101	23787
1055	22796
1192	22024
1021	20813
1497	23388
1397	21331
1172	23861
895	21620
912	18719
1543	18584
965	21698
2021	27956
1920	32117
1877	32018
1853	27671
1746	28267
1889	25973
1907	27765
1923	28662
1827	29252
1670	27299
1906	31144
1832	28445
1856	25907
1939	28683
1771	31724
2023	30507
1998	31327
1764	27484
1808	30073
1988	29587
1873	32009
1837	25883
1852	28507
1811	30937
1944	27007
1643	29697
1813	31847
1681	29799
1888	27729
1982	29579
2038	28867
1840	28455
1904	31141
1803	31822
1686	29813
1721	29045
1883	31091
1841	30144
1790	29174
1953	32180
2097	32503
2281	32917
2270	34554
2163	34285
2085	32481
2141	32584
2138	35950
2053	34676
2125	32556
2197	32753
2195	34399
2265	34545
2099	34171
2082	34144
2288	34587
2240	36676
2232	32822
2079	35285
2272	35143
2180	36564
2071	33563
2047	36307
2158	34879
2196	35550
2308	35201
2078	36349
2096	34752
2103	32525
2072	32444
2243	35651
2081	35834
2482	40184
2598	38808
2396	36967
2422	40091
2327	36845
2336	37857
2488	37121
2398	38470
2531	37215
2449	40129
2528	39777
2555	38743
2569	37267
2485	38101
2586	40906
2484	40708
2502	39721
2335	36853
2452	37557
2395	39540
2505	38650
2579	38783
2444	40637
2442	39614
2559	40332
2457	38050
2501	40744
2897	42775
2623	43292
2932	44714
2877	42751
2650	41493
2860	43193
2634	42869
2784	44034
2745	44464
2912	41837
2811	43603
2749	44468
2653	43335
2690	43373
2621	44268
2632	44287
2896	41370
2721	42031
2648	41008
2713	42502
2688	41978
2708	41558
2695	43871
2792	44052
2675	41955
2773	43041
2928	44239
2673	42446
2763	43029
2825	41295
2885	43704
2728	43932
2685	42928
2677	41961
2704	43410
2870	42298
2907	41824
2786	42164
2970	47147
3142	45061
3200	48623
3186	46347
3185	46344
3090	46764
3181	46926
3094	48442
3015	48334
3244	47581
3218	48647
3042	46116
3099	47912
3288	45936
3226	48098
2972	47152
3115	45661
3271	48180
3093	47331
3056	45575
3166	49142
3178	45133
3229	45223
3122	49080
3123	46245
3109	47364
3120	49073
3173	46911
3012	48889
3162	47453
3196	46368
3249	46450
3088	44969
3102	45640
3188	49189
3002	47767
3148	45068
3074	48991
2981	46595
3239	48134
2988	47736
3000	46050
3264	45295
2989	47176
3209	45178
3083	49004
3051	45568
3223	45208
2986	46602
3063	44933
3172	49161
3003	47208
3285	45927
3069	45598
3080	47889
3265	49307
2958	46564
2946	47104
3401	49836
3394	50563
3341	50119
3436	52084
3445	50631
3505	49638
3515	51107
3410	50949
3486	51784
3346	50844
3419	50598
3464	50660
3512	49654
3373	51615
3425	51701
3544	50051
3311	51873
3402	52027
3442	51356
3508	50016
3392	50925
3424	52060
3435	49548
3409	49855
3518	51110
3326	51193
3468	52123
3400	49835
3315	50425
3511	50735
3530	51117
3414	49508
3405	50580
3375	50532
3446	52097
3351	51935
3362	51246
3432	50990
3449	49909
3389	51637
3519	50743
3461	51025
3466	51746
3361	50139
3524	50030
3541	50390
3323	50810
3472	50675
3522	52194
3303	49353
3300	50772
3628	52485
3626	52298
3677	52532
3555	52936
3705	52359
3644	52682
3710	53630
3623	53387
3545	53468
3567	52409
3676	53071
3667	52331
3606	52640
3548	52927
3682	52340
3670	53066
3610	52273
3639	53211
3616	52283
3700	52562
3612	53005
3585	52960
3709	53102
3625	53025
3575	52950
3647	52315
3559	53322
3597	53511
3611	52274
3650	53229
3568	52411
3609	52454
3581	52247
3563	52406
3686	52543
3684	52541
3582	52248
3637	53556
3579	52420
163	10990
498	13472
123	14535
245	14803
333	13138
527	8182
739	6798
532	6416
781	17530
335	11346
565	15446
318	14964
769	15814
682	6704
268	9406
227	5815
648	6660
294	4251
146	10964
150	16336
266	5903
491	8092
219	11099
724	12113
517	4704
310	14946
681	4995
306	11302
736	17419
175	7470
179	14649
453	6236
383	7881
9	7179
562	15441
530	6409
210	9280
170	4010
547	11819
845	17685
194	7499
502	11691
53	5497
629	11963
497	8110
631	6612
73	9035
751	15782
812	14145
293	4249
644	13829
197	7506
801	6962
282	4224
600	6548
474	8063
109	5600
300	7738
27	5458
259	7661
778	8671
165	4006
295	13067
718	10277
707	10249
304	7742
78	3876
545	15419
493	16978
544	4771
169	9213
879	8876
463	13406
116	16286
25	16133
84	14483
515	17052
686	12059
423	15139
444	4543
186	4042
417	4494
133	9137
455	8026
71	5535
730	10300
774	17507
835	14201
324	7767
581	4833
688	5000
301	16603
289	5958
807	12327
185	7489
755	12179
583	11877
311	6002
702	13908
733	10303
342	11365
217	11097
381	15068
723	15726
725	10286
852	12430
257	5890
777	17518
248	5872
604	10084
271	14846
200	7512
892	16083
157	10978
788	6929
609	6562
242	16486
120	12738
552	13638
260	5898
510	11720
496	11682
823	5273
824	12381
19	16120
891	16077
586	15472
228	14753
469	8049
765	17493
642	6633
746	17441
315	9488
190	7496
358	15029
374	4411
473	6273
662	6676
848	14227
396	4445
291	4245
762	5139
115	5605
33	7226
148	12793
452	6233
668	8468
748	12168
592	13711
118	9114
440	4533
419	6170
676	10201
249	11176
458	4577
223	12919
60	12625
441	13358
810	14142
240	7607
44	12603
191	9257
31	8982
646	8420
775	15831
212	16422
768	10385
693	13900
4	12532
871	14284
429	9704
461	4588
526	6398
826	7015
80	16239
618	4890
76	3865
59	7255
83	10830
415	13312
327	13128
802	15887
325	11330
538	9946
113	14523
154	14610
124	16289
343	15012
597	10076
402	4468
883	16057
851	5328
330	7789
486	15271
666	8462
447	15197
610	13738
611	17229
161	4002
652	10170
34	10757
340	9539
143	3972
598	15493
495	4645
734	10305
695	5003
571	11860
575	17173
95	9078
873	14287
846	7050
742	17423
329	14986
392	4437
524	9920
568	17164
67	3851
696	13902
317	11317
460	16928
180	5732
675	15646
166	12823
728	17415
490	11653
772	14048
749	13995
750	15779
363	6085
114	5604
17	16117
747	6832
57	9014
811	15907
158	7441
959	19732
1426	23269
1405	21340
973	17863
1295	22165
946	21672
1458	24250
1112	22878
1054	22795
1448	23307
1073	18932
1343	21265
1325	25010
1145	19982
1024	20816
916	23575
1367	21296
1476	23360
1493	23382
1079	23757
1034	18876
1492	25246
1594	24420
1365	20318
1163	21974
1568	19563
1022	17921
1424	25145
1363	24119
1403	24171
1223	23012
1559	19553
1182	21026
957	23619
1432	18449
961	17854
1528	18566
970	22669
1482	19465
1340	21261
1519	24324
1607	18686
1313	23131
1430	22361
949	20719
1490	24294
1517	20517
1265	24008
1298	18282
1395	18409
1433	23289
1622	19653
1358	22261
1174	21987
1386	19343
1503	25255
1561	18609
1441	21396
1200	18150
939	22645
1531	20526
963	18777
1416	23248
1077	19895
1043	21801
1582	23477
1427	23270
1244	22094
1008	20790
922	18731
1572	18619
1283	22152
935	23594
1156	21963
1148	19030
1042	19842
948	23605
1507	23401
1166	20013
1157	18099
966	19741
1633	25403
976	21709
1190	21035
1045	22772
1599	22552
1140	21946
983	19763
1501	24302
1075	17990
1300	21205
1466	19450
1107	21904
1520	24325
1545	25290
1573	18622
1032	18874
943	17839
1120	22882
1296	22166
1362	25046
1171	19043
937	20707
905	24498
1342	19280
991	24584
1306	24055
1451	23315
1181	19056
960	17853
1214	18162
1069	21853
1285	21186
1593	19593
982	22681
1009	21743
1067	18925
1142	23834
1529	18568
1030	22755
1036	21789
1423	19376
1409	22339
900	18708
1485	18519
1454	20438
904	22618
1158	19999
994	22697
1600	20617
1231	18182
1204	18153
1048	20849
1590	22532
1374	25060
1151	24785
1202	19081
1632	21618
984	22685
1604	18677
1203	21049
1015	21754
1398	24157
1464	19443
1169	18115
1309	19229
953	20724
1144	20979
1323	21231
1468	25211
1198	21044
1094	19920
988	22689
1161	21000
1579	24401
1053	19859
1487	25238
1495	23385
1591	23491
1522	18559
950	22653
1530	25277
1080	24712
902	24493
1391	18402
1134	22897
1139	20974
1118	21918
1019	24631
1537	18574
1347	21276
1319	22210
1111	21910
972	19747
1196	23911
1371	23201
1217	23934
979	17870
1619	19651
1003	17893
1350	18356
1354	24101
1407	23241
1336	21251
1393	24150
907	20679
1135	19975
986	24581
1352	22256
1109	18985
1580	25324
1576	24395
1596	22540
1302	20234
1255	19157
1273	24942
1472	22406
944	21667
1394	25097
1076	17999
1601	19609
1165	18107
1516	25270
1078	18003
1250	18218
1081	23759
1577	20583
1368	24124
1314	19242
1280	22143
1146	22918
1264	19170
1562	21527
1353	20299
1177	18121
1297	18280
1170	20017
1020	17920
975	18785
1222	20092
1307	19221
1179	24817
1618	23541
1159	24797
1180	22960
896	19667
1228	24880
964	21699
1070	20874
1511	25265
1345	20287
1292	21197
1044	17945
1523	18560
1549	23449
999	23658
1121	24761
1625	20659
954	20726
978	17868
1608	19629
1105	19933
1315	24997
1471	20459
1074	20880
968	23628
1185	21031
1084	21870
1282	24957
1556	24365
1524	18562
1097	18028
924	22629
901	21628
913	19685
920	18730
1125	22890
1038	17936
1469	25216
1005	17895
1086	21874
911	19683
1609	23523
1237	22084
1258	24927
1595	23494
1033	24650
1346	19287
1575	23473
1400	23236
1136	20972
1218	21071
1236	20122
969	24569
1553	22482
1597	18665
1092	24729
1592	19590
1421	20392
1578	24399
1333	20272
1473	18499
903	20673
1465	21418
1066	19872
1154	22922
981	21716
951	20720
1327	24080
1305	20235
1116	20943
1049	24672
1512	22447
1457	25196
971	20744
1281	22148
1419	19372
1173	22940
1254	23057
1629	23556
1018	18847
1224	21079
1330	22235
1235	23031
1016	18840
928	22634
1245	23045
931	23583
1540	20536
925	22630
1311	22200
1227	24879
1505	25257
952	23609
1564	24378
1360	25044
1437	22372
1406	25111
936	20705
1219	23009
1387	20350
1153	24787
1072	17985
1385	18398
1114	23799
987	17880
1521	23414
1132	22896
1563	18612
1334	19270
1422	21359
1152	19991
1460	24255
1489	20483
1428	18443
1246	20149
990	20766
918	19687
1191	23903
898	21626
1047	20841
1127	22892
1408	22338
1359	23184
1269	21165
1617	25393
1372	23203
1338	21255
1477	22413
1057	20860
1149	24782
1514	21462
1256	20168
1332	21244
1324	25008
1344	24092
1199	24847
1275	24017
1271	21168
1160	24799
1496	22435
1187	22008
1399	21335
1002	22705
929	18737
1431	18446
1509	21458
932	21657
1025	20817
1128	19007
1544	18585
1286	24032
1538	23425
1341	25021
1439	24231
1257	18229
1239	24901
1384	18397
1376	25069
962	19735
1414	24186
1178	21017
1023	19811
1093	22858
1587	21554
1050	17961
1329	19262
1381	25082
1249	19137
1129	19965
1195	18148
1615	18695
1252	21120
1584	19578
1357	19298
1621	20655
1106	18980
989	20765
1261	18238
1555	22488
1010	22723
1480	18507
940	24534
1147	20983
1211	18158
1369	24125
1088	18955
1506	22440
1481	22419
1168	21983
934	20700
1475	21431
1064	17972
1278	22142
1396	23232
1459	23327
1193	22980
1321	22219
1068	19878
1598	20613
1532	21477
1335	23159
1364	23191
1498	18531
938	23599
1059	23723
1071	21855
1272	19179
1322	19253
1247	23047
1453	18469
926	22631
1175	21991
1326	22230
1099	21893
1206	18154
1213	23925
899	17797
977	19754
1124	22889
1304	19217
1041	17937
1548	25296
1508	22445
1226	20098
1100	18033
1392	25092
1027	18867
1518	19513
897	18706
1547	19544
1290	18275
1940	26101
1655	30600
2022	27964
1844	26784
1968	27063
1909	30296
1964	29546
1635	25416
1691	28161
1905	30288
1917	31171
1704	30708
1947	30372
1973	29561
1685	31556
1936	26096
1745	29949
1727	30770
1675	30645
1776	31738
1843	31008
1672	30640
1857	31967
1830	26760
1788	27527
2014	28808
1809	27566
1850	29305
1919	26048
1732	26517
1734	30779
2003	27112
2036	31409
1860	28522
1826	31882
1756	27470
1933	31207
1980	31292
2005	27930
1976	31281
1864	28531
1653	25449
1651	25443
1696	28988
1819	27587
1679	27316
1662	26360
1807	25791
1921	27794
1687	27331
1710	26473
1867	31057
1838	31922
2035	30537
1848	29302
2153	32614
2320	35209
2321	36288
2183	33811
2261	36207
2149	35425
2251	34512
2074	32447
2168	33203
2069	35272
2259	34528
2211	34421
2051	35249
2204	32760
2143	34250
2184	35518
2291	36782
2194	32742
2275	36234
2164	35984
2266	34546
2165	35990
2279	35701
2348	39447
2471	38578
2345	39443
2341	40469
2465	39123
2519	37677
2451	40139
2375	38963
2423	37513
2596	39354
2592	38804
2599	40383
2529	39263
2408	36988
2441	40633
2539	39279
2483	39685
2583	39343
2359	38934
2612	40958
2382	37943
2418	40089
2370	40018
2360	39998
2373	40528
2372	37438
2379	38450
2613	40961
2572	39330
2507	38652
2497	37634
2429	39600
2480	37106
2462	38064
2347	38900
2409	37492
2538	38226
2323	38862
2334	38880
2551	40313
2489	40722
2363	39485
2456	40656
2378	36939
2446	39624
2578	40350
2487	37622
2510	39731
2568	37758
2590	40371
2383	36946
2470	39129
2466	37587
2525	39770
2618	37342
2573	38772
2619	40969
2491	39694
2521	38190
2351	37396
2479	37104
2541	40302
2460	37575
2467	39654
2445	38541
2401	37967
2412	39027
2440	39613
2562	38763
2350	39975
2565	38270
2354	37894
2533	39783
2388	39531
2328	39416
2330	37844
2678	41050
2798	44059
2925	42364
2846	43177
2923	42806
2790	42178
2838	43652
2935	41437
2654	41496
2760	43028
2731	42526
2865	44631
2744	43478
2684	43368
2776	42601
2700	43392
2843	42716
2682	43853
2756	43485
2649	42424
2628	41908
3281	45320
3261	47608
3032	44863
2947	45372
3190	48600
3058	44926
3029	45520
3117	45026
3283	45324
3180	45134
3248	47025
3147	47987
3067	48987
3215	46968
3274	48182
2985	44784
3296	46540
3087	48439
3240	47570
3006	45499
3132	45692
3046	46124
3198	48061
3097	46197
3077	48996
3118	46238
3270	48740
2992	47746
3201	46385
3079	46747
3169	48570
3033	47245
3133	48521
3100	47346
3152	47426
3234	46435
3124	45037
3254	45270
3145	46269
3068	45596
3272	47623
3025	48900
2945	47102
3238	48132
3085	44967
2953	46559
3275	46496
3044	48379
3259	46466
3024	47785
3247	45866
3127	48506
3189	49191
3134	45053
2952	47678
2987	48854
3112	46815
3076	44945
3121	49075
3159	48006
3070	47304
2954	48807
3020	47782
3268	45906
3014	48892
3095	48445
3221	47532
3213	45808
3199	45165
3184	45767
3252	47034
3037	48365
3194	45150
2976	44771
3007	46058
3158	46892
3049	45565
2977	47717
2949	48222
3294	45946
3197	47491
2994	46615
3089	44970
3279	48750
3005	46053
3110	46804
3291	45353
2991	47179
2963	45407
3138	47970
3212	46967
3075	47873
3082	48429
3078	48425
3171	46318
3129	46852
3187	49188
3282	49323
3092	49017
3154	46886
3164	46298
3258	47045
2964	48817
3269	47064
3206	46957
3009	46061
3023	48339
3276	45316
3165	46303
3004	48322
3114	47929
3039	48372
3193	46933
2979	48274
3105	49039
3086	47326
3131	46857
3059	46717
3019	48894
3176	48581
2996	47753
3253	47035
3208	46959
2995	47190
3073	44943
3017	45509
3135	47967
3144	46871
3421	50962
3488	49612
3308	49710
3538	49684
3416	49509
3307	50064
3514	51106
3338	50473
3475	49944
3403	50577
3458	49567
3353	51236
3309	49711
3543	51495
3378	49809
3502	50342
3337	50472
3450	51013
3357	50853
3347	49428
3321	50440
3328	50453
3372	50162
3460	51382
3368	49459
3395	51299
3510	50017
3331	51567
3452	51728
3320	50807
3310	51872
3473	50679
3526	49666
3376	51981
3447	50635
3396	50564
3528	50031
3487	52151
3383	50908
3408	49852
3370	50878
3382	50542
3427	50971
3534	50039
3455	52107
3393	49487
3478	50309
3343	49421
3516	49659
3529	51471
3336	51914
3542	51493
3499	49983
3324	49732
3358	51946
3431	50619
3476	52139
3329	50454
3397	49833
3429	50239
3411	50950
3371	51266
3312	50074
3536	49681
3532	51838
3490	52155
3465	51384
3390	51646
3498	49982
3454	49914
3440	52091
3523	51465
3349	49430
3327	51557
3420	50599
3365	50508
3306	50407
3521	49663
3439	52090
3462	51027
3430	50240
3374	50163
3417	49521
3539	50050
3496	49624
3304	49358
3386	50910
3298	50396
3325	51187
3448	51011
3662	52325
3586	53342
3652	53570
3574	52243
3673	53594
3594	52441
3618	53538
3560	52234
3564	53137
3666	52879
3603	53366
3713	53637
3708	53452
3589	52438
3642	53562
3592	53171
3624	52843
3602	53516
3651	53057
3577	52245
3711	53456
3604	52634
3571	52412
3557	52775
3613	52276
3634	53554
3565	52408
3633	52854
3661	53419
3653	52693
3550	52931
3691	53263
3596	53510
3546	52382
3562	53327
3665	53420
3584	52612
3679	52534
3646	53411
3635	53395
3641	52310
3614	53006
3655	53237
3573	52413
3622	53544
3552	52769
3648	53414
3561	53326
3629	52664
3698	53619
3688	53436
3654	52697
3595	53172
3649	53055
3556	52396
3703	52904
3620	52290
3599	53175
3669	52526
3566	52237
3680	52890
3674	53595
3608	53003
3707	53099
3553	52933
3617	53381
3712	52914
3663	53585
3576	52606
3578	52953
3657	53575
3621	53197
3693	52731
3699	52560
3600	52986
3694	53616
3645	52504
3672	53246
3671	52882
3607	52817
3590	52264
3632	52669
3695	53615
3660	52517
3572	53143
3638	52675
103	14513
184	12850
799	12287
679	17352
104	7353
607	6560
528	6402
520	8175
842	14221
744	8586
601	17220
499	17002
828	17652
368	16745
204	4069
844	15982
477	16946
838	17666
641	6627
274	7684
77	12662
566	10014
720	15719
894	5411
436	9715
512	13522
136	7402
89	5565
786	8684
872	14285
625	6604
691	10215
613	13754
428	4518
276	7698
854	12431
216	9292
404	16801
840	8816
893	17790
0	5413
434	11537
51	12615
189	12860
690	6714
535	17098
713	15708
233	9330
572	6508
405	9666
546	4772
421	13323
168	10997
738	10310
809	12334
820	14173
622	4897
207	5770
783	12250
771	15821
643	8411
564	15445
800	10469
857	16004
229	12926
7	14351
710	15693
485	11642
850	14236
218	9298
12	3748
551	6468
789	14081
657	12031
841	5316
65	12629
68	12636
701	10236
418	11499
633	4918
20	12557
140	14578
882	10649
349	11374
476	4603
341	6050
890	14336
479	9806
397	6127
865	14269
410	11481
375	11424
38	12594
548	11820
853	15997
350	4367
128	3947
14	8945
255	12981
412	13305
827	17651
273	11221
238	7595
704	17373
870	12466
372	9601
449	11574
336	7796
508	9874
425	15153
518	6387
56	12619
258	7660
887	17773
620	15544
589	10049
69	10800
135	14567
766	17494
264	13008
757	15793
570	4816
173	5714
465	11609
798	5187
399	16786
43	10765
888	10666
484	16959
205	11066
864	14266
111	10885
889	16072
830	15961
221	11105
653	15622
187	12859
63	16202
391	11450
437	7982
647	17310
40	12600
478	8068
267	4193
35	14411
178	14647
722	13939
232	14762
384	13240
847	8824
151	9180
334	11345
243	11159
278	5935
287	14891
183	7482
843	5317
321	14966
239	12942
314	6010
489	9828
817	5242
741	8568
246	11170
155	3991
101	14508
606	10086
732	8557
726	12119
482	4611
250	14811
630	11964
849	15989
442	11565
149	9177
687	13889
164	9205
721	15721
593	13715
265	16527
863	12452
632	13809
560	15439
21	5451
395	13264
660	8456
445	4544
181	14653
506	8138
829	7023
821	12369
247	16495
272	11218
226	11118
671	15641
408	7920
132	12760
309	16612
220	14732
90	14490
251	16502
70	5527
594	4851
202	14681
400	9648
866	12456
355	6070
373	15057
705	17375
367	16738
416	9687
794	10447
62	14443
15	10717
531	17085
635	8394
129	10916
638	15576
270	7681
288	5949
595	10068
792	10445
456	6245
2	5416
731	10302
651	12023
176	9235
1201	24849
1488	19479
1411	24179
1037	17935
1449	24238
1589	24406
1017	22732
1434	21384
1513	21459
1207	20076
1102	22865
1240	23042
1274	24944
1310	20244
933	21660
1628	24477
1349	22251
1541	24347
1176	21992
1438	22374
1533	22465
1417	25133
1242	18206
1361	21286
1115	18992
955	19724
1351	21277
1243	20139
1502	23391
1013	20801
1415	25131
1536	22467
1007	19786
1612	20642
908	19682
1266	23077
1627	20662
917	23576
1585	25330
1011	17909
1375	22291
1289	21196
1631	19660
1356	19297
1526	18565
1210	19089
1410	25122
1293	18276
1552	20551
1570	22510
1162	21970
1478	18504
1605	23519
1279	18257
1569	21532
1221	22054
1263	23070
1277	24951
1318	22207
1610	22577
1435	21385
1515	22449
1467	19451
1412	22342
985	19765
1061	22799
996	20774
1504	24304
1212	22997
1456	21410
1390	25090
1616	25387
1234	23029
1299	22171
1089	22848
1123	19957
1131	20961
1000	24595
1499	24300
1230	22069
1413	20383
1262	23069
2019	26238
1784	29168
1692	30688
1849	28484
2032	27186
1845	30147
1943	29498
1897	31122
1714	29868
1642	31446
1878	32022
1795	26671
1793	28354
1806	27561
1682	27326
1729	29061
1782	28340
1948	31229
1902	26001
2031	30529
1866	26833
1666	31513
1804	28379
1683	30664
1665	26385
1894	29386
1741	31681
1754	29969
1858	31039
1893	30253
1763	25700
1760	25688
1713	29026
1870	25939
1925	27809
1739	29087
2029	31391
1957	31250
1770	27494
1661	27267
1962	26147
1993	30462
2020	29628
1667	28103
1767	28306
1645	28895
1922	28646
1702	27360
1646	28053
1684	30665
1927	26071
1730	27423
1954	27023
1937	27834
1913	28622
1719	29887
1647	26334
1726	27419
1641	28891
2030	31394
2033	28003
1949	28697
1680	27319
1847	28471
1898	26899
1884	32036
1828	25861
2017	30491
1834	31916
2039	27200
1985	28769
1694	31570
1783	27523
1709	25587
1818	26730
1929	29474
1859	30191
1977	27069
1802	26704
2007	28795
1798	27551
1774	29994
1932	32147
1634	29681
1722	31644
1792	30031
1718	26493
1868	25931
2034	26294
1673	26394
1874	26851
1695	25557
2000	27924
1901	29404
1876	26854
1705	30715
1934	26085
1650	28060
1882	28561
1865	31983
1787	30878
1778	28326
1743	30794
1824	29247
1908	31147
1918	28641
1801	31816
1736	27428
1910	26024
2016	31344
1975	26166
1751	28282
1765	25702
1689	30683
1971	31277
1693	27336
1820	30961
1775	25726
1970	26162
1990	27917
1996	32265
1991	27098
2024	26249
1742	26546
1903	28593
1831	25876
1780	30865
1989	29588
1701	27359
1914	29446
1707	27370
2018	27143
1969	26161
1842	27643
2001	27926
1978	29567
1678	29790
1814	25807
1738	25645
2011	30483
1638	29688
1749	26563
1637	25417
1636	28879
1697	26435
1712	29861
1951	27017
1950	26110
1984	27086
1698	27349
1928	32137
1863	31980
1737	28249
1677	27310
1941	28686
2004	29604
1958	32193
1644	28893
1839	27636
1753	30821
1836	30137
1999	30470
1890	30249
2002	28787
2037	32374
1963	26148
1930	30337
1916	31170
1664	25473
2025	32320
1992	31319
1871	29344
1799	30911
1659	28916
1810	28390
1829	28432
1660	27266
1688	28152
1891	30250
1880	26866
1708	26464
1879	29364
1652	27248
2012	32294
1805	30070
1725	29054
1800	30915
2129	34824
2084	34153
2269	32892
2055	33549
2201	36601
2058	35262
2239	36675
2173	33773
2045	32994
2190	34387
2094	32496
2112	35371
2241	33368
2077	32455
2178	34936
2065	33032
2188	33827
2104	35353
2080	34134
2214	35012
2098	34166
2128	33699
2215	33306
2209	34419
2118	36429
2282	35159
2200	34409
2206	35556
2260	33977
2274	32915
2048	35239
2130	33702
2108	34795
2304	33488
2101	32521
2050	33005
2115	34210
2170	35468
2182	32705
2292	32937
2126	35936
2040	35760
2307	36273
2134	35943
2166	32629
2245	35089
2220	36632
2151	34873
2310	36275
2300	32949
2105	33662
2179	36557
2248	34508
2229	36652
2222	33326
2161	33748
2131	33148
2068	32439
2187	34970
2066	33555
2088	33073
2242	35646
2226	34443
2257	35663
2091	35313
2067	36331
2049	32401
2217	33308
2277	34573
2317	36281
2271	34559
2311	35202
2041	34074
2219	33876
2059	35801
2121	34808
2062	32429
2303	35736
2284	36766
2301	34045
2073	33041
2296	34610
2227	32799
2203	33856
2278	34015
2213	36617
2286	32927
2083	34146
2267	36738
2116	33681
2295	36254
2167	34899
2133	34836
2175	36530
2319	36831
2150	33744
2254	33394
2064	34696
2160	35450
2185	35525
2212	33868
2186	34379
2145	32589
2119	36431
2057	35259
2516	38178
2514	37660
2603	38830
2438	37540
2532	39265
2329	38373
2424	39061
2666	41502
2778	42604
2836	44599
3266	45905
2982	47168
3230	47548
3149	47422
3191	49193
3250	47032
3438	50256
3426	50608
3391	51650
3540	51492
3318	50431
3381	50176
3406	49849
3377	50168
3387	49818
3428	50232
3305	51516
3364	51958
3380	51991
3314	50790
3363	51252
3481	50695
3470	52128
3489	49616
3360	51596
3348	51586
3630	52302
312	16622
557	13645
237	16474
537	4738
706	13913
3	3725
125	5616
52	16180
171	9217
793	17547
488	6302
370	7863
152	12801
649	13845
558	15433
430	6195
377	11426
144	14593
867	8861
192	14664
602	13731
550	13631
371	11420
832	5290
23	10728
353	4372
91	16256
390	4436
235	9334
1455	25190
910	24500
914	23573
1029	18871
1510	18552
1443	25179
1294	24042
1752	25675
2027	32326
2503	37156
2560	37751
2498	38135
2710	43423
2924	44697
2658	42437
2875	41343
3161	49129
3091	45622
3643	53408
634	15572
761	17487
745	5096
26	8958
356	4377
743	10321
760	17472
654	4959
541	4750
596	6546
516	8172
639	8400
411	11491
448	6222
880	5377
281	4223
501	11690
316	9491
462	4589
92	10857
94	14495
858	17710
110	9103
87	10835
803	17582
615	8352
406	16804
614	13755
669	10193
470	16936
407	4471
543	4767
450	9748
580	11871
307	14937
500	13473
74	7289
244	9372
573	8280
856	17708
737	13961
784	12252
299	4272
58	16194
285	5946
727	8552
224	11115
369	7859
362	7841
1012	20794
1209	23922
1091	21880
1103	20923
947	21673
1623	21611
1253	22106
1812	30941
1791	27533
1654	27252
1862	31050
1781	27519
1899	28585
2111	36422
2093	32495
2060	34689
2208	36112
2137	35405
2322	35210
2283	33449
2287	33457
2177	33791
2102	35884
2042	34649
2315	35204
2234	34470
2230	33338
2148	33172
2231	35042
2316	34062
2107	33120
2054	33548
2144	32588
2106	32534
2124	35382
2617	38849
2550	38737
2324	40445
2585	39346
2556	39296
2607	40946
2620	38361
2381	39518
2511	38163
2593	37302
2386	37949
2512	39209
2346	38398
2478	39141
2540	37720
2436	40119
2326	38371
2594	40376
2494	39700
2508	39726
2523	37197
2410	36993
2591	40914
2385	37948
2611	38355
2374	37928
2515	37174
2576	39332
2427	38014
2387	40046
2481	37108
2605	37822
2567	38272
2344	40477
2473	37092
2600	39359
2601	40930
2589	39350
2405	40079
2454	40143
2437	38027
2597	37805
2553	37240
2403	36980
2411	37498
2439	38028
2355	39982
2448	40127
2432	40621
2564	38268
2517	39234
2557	39828
2333	36850
2577	39863
2368	40519
2513	39742
2415	40591
2604	40941
2554	37242
2536	38214
2402	40068
2544	38235
2384	40042
2419	39039
2450	38042
2477	37100
2362	37910
2587	38301
2527	38203
2547	39287
2522	39244
2325	39411
2340	39964
2616	37339
2377	38446
2453	37558
2548	39817
2459	38558
2581	38786
2431	39073
2443	37041
2435	39075
2331	37356
2584	40359
2414	37502
2356	37407
2337	37372
2520	40257
2338	40463
2546	39286
2461	39114
2416	37000
2504	38648
2500	37147
2475	40167
2433	38023
2353	40491
2469	37591
2493	39697
2365	39487
2570	39855
2397	39001
2492	39152
2566	38768
2518	37184
2474	38585
2426	39063
2342	37381
2400	36975
2542	40829
2486	38107
2366	36909
2394	38996
2458	38055
2404	40074
2689	43372
2626	41907
2656	42436
2661	41499
2701	41551
2646	42420
2895	44198
2834	44130
2900	44208
2737	41148
2813	43608
2800	42642
2810	41725
2812	42216
2668	41029
2750	42085
2854	42285
2771	43514
2698	44377
2622	43783
2902	44211
2727	43443
2640	40997
2733	44438
2730	42525
2815	43127
2906	41386
2858	43670
2748	43970
2739	42543
2759	44481
2796	44537
2904	44675
2807	44561
2884	44654
2709	42498
2919	44687
2869	41790
2768	44000
2937	44720
2817	43613
2938	42384
2655	43338
2799	43089
2872	44639
2831	41751
2693	41064
2747	44466
2830	42252
2761	42109
2795	41249
2717	41572
2667	42439
2841	43171
2652	42896
2915	41840
2783	44031
2889	43708
2916	42795
2758	42100
2866	42743
2886	42761
2806	44555
2857	41330
2883	42756
2692	42473
2824	42241
2941	43282
2847	42279
2891	42320
2879	43697
2671	44334
2890	42764
2691	43376
2764	41638
2934	43774
2696	43876
2905	42780
2828	42248
2686	43369
2881	42754
2647	41007
2697	41542
2746	44465
2724	44418
2821	43141
2754	43018
2878	44646
2787	43073
2808	43112
2929	43767
2766	43034
2809	41280
2681	41974
2751	41161
2781	41216
2683	43362
2767	42588
2636	41470
2725	44423
2818	44100
2835	44132
2705	43413
2880	43699
2888	41355
2680	42914
2853	41777
2726	41589
2921	41409
2874	41793
2753	43975
2651	42895
2868	42297
2779	41211
2913	42350
2793	43081
2712	42018
2674	42447
2645	41004
2914	42792
2863	44169
2757	41169
2926	42810
2738	42538
2920	42797
2702	43402
2908	43230
2740	43953
2893	41809
2765	41639
2832	42256
2939	43276
2943	43781
2909	42343
2716	42967
2769	41646
2659	41024
2672	41950
2849	41770
2918	43746
2856	43192
2850	41326
2837	43646
2699	42940
2642	43321
2629	43300
2729	41593
2735	42987
2873	44185
2639	43316
2755	41168
2637	42402
2936	41438
2662	43831
2657	41498
2791	44049
2903	44674
2770	41184
2707	42958
2722	42035
2848	43180
2840	41767
2694	44368
2638	41471
2816	41736
2942	43286
2805	42203
2859	42730
2930	42819
2775	43526
2624	40978
2782	43536
2780	44516
2718	43432
2861	44626
2641	41923
2741	42552
2899	44207
3204	48067
3227	48102
3130	45690
3103	45641
2968	47144
3150	46278
3256	45275
3010	44827
3177	48583
3214	45191
2975	44770
3195	47490
2948	44736
3263	46477
3222	48656
3026	47236
3235	45246
2990	45455
3128	46851
3137	46862
3035	48357
3216	47524
3219	49225
3096	47340
3267	47063
3156	45087
3217	49222
3126	45041
3192	46357
3011	44828
2959	45972
3143	48542
3061	48403
3116	46233
3060	48401
3054	48973
3140	45701
3231	49254
2966	44757
3038	48933
3071	45600
3225	48669
2960	45402
3232	48122
2955	48810
3065	47297
2962	45405
3236	47016
3174	46912
3139	47410
3228	49239
2969	45986
3286	49332
3008	48325
3048	46701
3183	45135
3287	47089
2951	47671
3030	46662
3018	45510
3111	47369
3050	46705
3245	47585
2965	47137
2957	45393
3157	46891
3053	48972
3016	45508
3316	49373
3483	52150
3352	50128
3407	50945
3525	51830
3335	49413
3456	50652
3517	51109
3492	49970
3345	50123
3587	53159
3627	52484
3659	53580
818	12350
172	7458
703	8504
692	13896
624	10119
529	15366
674	8472
878	14302
127	3946
37	5482
1450	19421
1425	25146
1557	24370
1186	20040