241	16482
1603	25365
1815	25814
2297	36262
2602	37317
160	10987
382	9616
740	13966
1491	24295
1167	18114
1133	21933
1062	23731
1317	19246
1232	19119
1583	22521
1987	27913
1724	27415
1785	30020
1960	28727
1748	29099
2207	34412
2268	36740
2087	35309
2318	35207
2255	36706
2468	39655
2417	40593
2862	43674
2630	43794
2833	44125
3113	46229
2974	45419
3334	51575
3330	50459
3533	49676
3696	52349
3580	52609
3570	52239
3678	53077
3715	52377
808	6985
621	8365
79	3877
640	6624
876	14298
97	5583
193	7498
492	13453
782	8679
522	4711
403	7912
48	14427
790	15857
636	8396
834	10563
72	9033
776	8665
559	8261
673	15645
471	16942
665	12039
29	14400
387	6113
658	8451
467	13410
359	9575
279	16559
700	15669
354	4375
201	11060
414	16824
655	15624
525	11756
426	4516
683	15654
345	13178
678	12053
1108	18982
1276	18254
1614	20645
1183	21027
992	24588
1205	22991
1331	22236
1248	22097
1268	19175
1620	24469
998	23657
1418	23250
1096	18965
956	23617
1447	23305
1380	22305
974	19752
923	19693
1626	21615
1445	19414
1229	21083
1194	20059
1539	18577
1101	23787
1055	22796
1192	22024
1021	20813
1497	23388
1397	21331
1172	23861
1543	18584
965	21698
1920	32117
1853	27671
1746	28267
1923	28662
1827	29252
1906	31144
1832	28445
1856	25907
1939	28683
1771	31724
1998	31327
1764	27484
1988	29587
1873	32009
1852	28507
1811	30937
1944	27007
1681	29799
1982	29579
1840	28455
1686	29813
1883	31091
1841	30144
1790	29174
1953	32180
2097	32503
2270	34554
2163	34285
2085	32481
2141	32584
2138	35950
2053	34676
2197	32753
2195	34399
2265	34545
2099	34171
2082	34144
2232	32822
2180	36564
2047	36307
2078	36349
2103	32525
2081	35834
2482	40184
2598	38808
2422	40091
2327	36845
2336	37857
2488	37121
2398	38470
2531	37215
2449	40129
2569	37267
2586	40906
2484	40708
2335	36853
2395	39540
2505	38650
2579	38783
2501	40744
2897	42775
2623	43292
2932	44714
2650	41493
2860	43193
2784	44034
2745	44464
2690	43373
2621	44268
2896	41370
2648	41008
2713	42502
2688	41978
2708	41558
2792	44052
2773	43041
2928	44239
2673	42446
2763	43029
2825	41295
2885	43704
2677	41961
2704	43410
2870	42298
2907	41824
2786	42164
2970	47147
3142	45061
3186	46347
3185	46344
3090	46764
3094	48442
3015	48334
3244	47581
3218	48647
3099	47912
3226	48098
2972	47152
3166	49142
3229	45223
3122	49080
3109	47364
3120	49073
3012	48889
3162	47453
3196	46368
3088	44969
3102	45640
3002	47767
3148	45068
3239	48134
2988	47736
2989	47176
3083	49004
3285	45927
3080	47889
3265	49307
2958	46564
3401	49836
3341	50119
3445	50631
3515	51107
3410	50949
3486	51784
3346	50844
3419	50598
3544	50051
3311	51873
3442	51356
3508	50016
3435	49548
3409	49855
3326	51193
3468	52123
3400	49835
3315	50425
3530	51117
3414	49508
3405	50580
3375	50532
3362	51246
3432	50990
3449	49909
3519	50743
3524	50030
3541	50390
3323	50810
3522	52194
3303	49353
3628	52485
3626	52298
3677	52532
3710	53630
3623	53387
3567	52409
3676	53071
3667	52331
3548	52927
3682	52340
3670	53066
3610	52273
3639	53211
3616	52283
3612	53005
3625	53025
3647	52315
3559	53322
3611	52274
3650	53229
3568	52411
3609	52454
3684	52541
3582	52248
3579	52420
163	10990
498	13472
123	14535
245	14803
527	8182
739	6798
335	11346
565	15446
769	15814
227	5815
648	6660
146	10964
150	16336
266	5903
219	11099
724	12113
517	4704
310	14946
736	17419
175	7470
179	14649
453	6236
9	7179
562	15441
530	6409
170	4010
547	11819
845	17685
502	11691
53	5497
73	9035
197	7506
801	6962
282	4224
474	8063
300	7738
259	7661
778	8671
165	4006
718	10277
707	10249
545	15419
493	16978
169	9213
879	8876
463	13406
25	16133
423	15139
444	4543
417	4494
133	9137
730	10300
774	17507
835	14201
581	4833
688	5000
289	5958
807	12327
185	7489
311	6002
733	10303
217	11097
723	15726
852	12430
257	5890
777	17518
604	10084
271	14846
609	6562
242	16486
120	12738
552	13638
260	5898
510	11720
496	11682
823	5273
824	12381
891	16077
228	14753
642	6633
374	4411
473	6273
762	5139
33	7226
148	12793
748	12168
118	9114
440	4533
419	6170
249	11176
458	4577
441	13358
240	7607
191	9257
31	8982
646	8420
775	15831
768	10385
4	12532
871	14284
461	4588
826	7015
80	16239
415	13312
802	15887
325	11330
538	9946
154	14610
124	16289
402	4468
883	16057
851	5328
486	15271
666	8462
447	15197
610	13738
611	17229
652	10170
340	9539
495	4645
695	5003
575	17173
95	9078
873	14287
742	17423
329	14986
392	4437
524	9920
67	3851
696	13902
317	11317
460	16928
180	5732
166	12823
728	17415
490	11653
772	14048
749	13995
750	15779
114	5604
17	16117
959	19732
1426	23269
1405	21340
1295	22165
1458	24250
1112	22878
1054	22795
1073	18932
1343	21265
1325	25010
1024	20816
1493	23382
1492	25246
1365	20318
1163	21974
1568	19563
1022	17921
1424	25145
1363	24119
1403	24171
1223	23012
1182	21026
1432	18449
961	17854
970	22669
1482	19465
1519	24324
1607	18686
1313	23131
1430	22361
949	20719
1490	24294
1517	20517
1265	24008
1298	18282
1395	18409
1433	23289
1622	19653
1358	22261
1503	25255
1200	18150
1531	20526
963	18777
1427	23270
1572	18619
1283	22152
1156	21963
948	23605
1166	20013
1157	18099
1633	25403
976	21709
1045	22772
1599	22552
983	19763
1501	24302
1300	21205
1466	19450
1545	25290
1573	18622
1032	18874
1296	22166
1362	25046
1171	19043
905	24498
1342	19280
1181	19056
960	17853
1214	18162
1069	21853
1285	21186
982	22681
1009	21743
1067	18925
1529	18568
1030	22755
1036	21789
1423	19376
900	18708
1485	18519
1454	20438
1158	19999
994	22697
1231	18182
1204	18153
1048	20849
1590	22532
1374	25060
1151	24785
984	22685
1604	18677
1015	21754
1398	24157
1169	18115
953	20724
1144	20979
1323	21231
1468	25211
1198	21044
1161	21000
1053	19859
1487	25238
1495	23385
950	22653
1080	24712
1391	18402
1019	24631
1347	21276
1319	22210
1111	21910
972	19747
1196	23911
979	17870
1619	19651
1003	17893
1354	24101
1407	23241
1336	21251
1393	24150
1135	19975
986	24581
1109	18985
1580	25324
1576	24395
1596	22540
1302	20234
1273	24942
1472	22406
944	21667
1394	25097
1601	19609
1516	25270
1250	18218
1368	24124
1314	19242
1146	22918
1264	19170
1353	20299
1177	18121
1297	18280
1020	17920
975	18785
1222	20092
1179	24817
1618	23541
1180	22960
964	21699
1070	20874
1511	25265
1292	21197
1044	17945
1121	24761
1625	20659
978	17868
1105	19933
1471	20459
1074	20880
968	23628
1185	21031
1084	21870
1282	24957
1556	24365
901	21628
913	19685
920	18730
1038	17936
1005	17895
911	19683
1609	23523
1258	24927
1033	24650
1346	19287
1575	23473
1400	23236
1136	20972
1218	21071
1236	20122
1553	22482
1597	18665
1092	24729
1421	20392
1578	24399
1473	18499
903	20673
1465	21418
981	21716
951	20720
1327	24080
1049	24672
1512	22447
1457	25196
1281	22148
1419	19372
1173	22940
1254	23057
1629	23556
1224	21079
1330	22235
1016	18840
931	23583
1540	20536
925	22630
1311	22200
1505	25257
1564	24378
1360	25044
1437	22372
1406	25111
936	20705
1219	23009
1387	20350
1153	24787
1072	17985
987	17880
1132	22896
1152	19991
1460	24255
1489	20483
1428	18443
1246	20149
918	19687
898	21626
1047	20841
1127	22892
1408	22338
1359	23184
1269	21165
1617	25393
1477	22413
1057	20860
1514	21462
1256	20168
1344	24092
1199	24847
1275	24017
1271	21168
1496	22435
1187	22008
1002	22705
1509	21458
1544	18585
1286	24032
1538	23425
1439	24231
1257	18229
1384	18397
1376	25069
962	19735
1414	24186
1093	22858
1587	21554
1050	17961
1329	19262
1249	19137
1129	19965
1195	18148
1615	18695
1584	19578
1357	19298
1621	20655
1106	18980
989	20765
1261	18238
1555	22488
1010	22723
1480	18507
940	24534
1147	20983
1211	18158
1369	24125
1088	18955
1506	22440
1168	21983
1064	17972
1278	22142
1459	23327
1321	22219
1068	19878
1598	20613
1532	21477
1335	23159
1364	23191
938	23599
1059	23723
1071	21855
1272	19179
1247	23047
926	22631
1175	21991
1326	22230
1213	23925
977	19754
1304	19217
1041	17937
1548	25296
1226	20098
1100	18033
1392	25092
1027	18867
1518	19513
1290	18275
1655	30600
2022	27964
1968	27063
1909	30296
1635	25416
1691	28161
1917	31171
1704	30708
1947	30372
1973	29561
1685	31556
1936	26096
1745	29949
1727	30770
1843	31008
1672	30640
1857	31967
1830	26760
2014	28808
1732	26517
1734	30779
2003	27112
2036	31409
1933	31207
1980	31292
2005	27930
1976	31281
1864	28531
1651	25443
1819	27587
1679	27316
1662	26360
1921	27794
1687	27331
1710	26473
1867	31057
1838	31922
1848	29302
2320	35209
2183	33811
2149	35425
2069	35272
2211	34421
2143	34250
2184	35518
2194	32742
2275	36234
2164	35984
2266	34546
2348	39447
2471	38578
2345	39443
2341	40469
2465	39123
2519	37677
2375	38963
2423	37513
2592	38804
2599	40383
2529	39263
2408	36988
2539	39279
2483	39685
2583	39343
2382	37943
2370	40018
2360	39998
2372	37438
2379	38450
2613	40961
2507	38652
2429	39600
2480	37106
2538	38226
2334	38880
2551	40313
2489	40722
2363	39485
2378	36939
2446	39624
2578	40350
2487	37622
2568	37758
2590	40371
2383	36946
2470	39129
2466	37587
2525	39770
2618	37342
2619	40969
2491	39694
2351	37396
2479	37104
2541	40302
2467	39654
2445	38541
2401	37967
2412	39027
2440	39613
2562	38763
2350	39975
2533	39783
2328	39416
2678	41050
2798	44059
2925	42364
2846	43177
2790	42178
2935	41437
2654	41496
2760	43028
2731	42526
2865	44631
2744	43478
2684	43368
2776	42601
2756	43485
2628	41908
3261	47608
2947	45372
3190	48600
3029	45520
3283	45324
3147	47987
3067	48987
3215	46968
3087	48439
3097	46197
3077	48996
3118	46238
3270	48740
3079	46747
3169	48570
3100	47346
3234	46435
3124	45037
3254	45270
3145	46269
2953	46559
3275	46496
3259	46466
3127	48506
3189	49191
2987	48854
3076	44945
3159	48006
2954	48807
3268	45906
3014	48892
3221	47532
3199	45165
3184	45767
3037	48365
3194	45150
3007	46058
3158	46892
2977	47717
2949	48222
2994	46615
3279	48750
3005	46053
3110	46804
3138	47970
3075	47873
3082	48429
3078	48425
3171	46318
3129	46852
3282	49323
3164	46298
3258	47045
2964	48817
3009	46061
3023	48339
3276	45316
3165	46303
3114	47929
3193	46933
2979	48274
3131	46857
3059	46717
3019	48894
3176	48581
2996	47753
2995	47190
3017	45509
3144	46871
3488	49612
3308	49710
3538	49684
3307	50064
3514	51106
3338	50473
3475	49944
3403	50577
3458	49567
3353	51236
3309	49711
3543	51495
3378	49809
3502	50342
3337	50472
3450	51013
3347	49428
3328	50453
3460	51382
3368	49459
3395	51299
3331	51567
3320	50807
3526	49666
3376	51981
3487	52151
3383	50908
3534	50039
3393	49487
3516	49659
3336	51914
3542	51493
3499	49983
3324	49732
3358	51946
3429	50239
3411	50950
3312	50074
3532	51838
3490	52155
3465	51384
3390	51646
3498	49982
3454	49914
3349	49430
3420	50599
3521	49663
3462	51027
3374	50163
3417	49521
3539	50050
3496	49624
3386	50910
3298	50396
3662	52325
3586	53342
3574	52243
3673	53594
3594	52441
3560	52234
3564	53137
3666	52879
3603	53366
3713	53637
3589	52438
3592	53171
3624	52843
3651	53057
3577	52245
3711	53456
3604	52634
3571	52412
3557	52775
3613	52276
3634	53554
3565	52408
3633	52854
3653	52693
3562	53327
3584	52612
3679	52534
3646	53411
3635	53395
3573	52413
3552	52769
3561	53326
3629	52664
3698	53619
3688	53436
3654	52697
3556	52396
3599	53175
3680	52890
3674	53595
3707	53099
3617	53381
3712	52914
3663	53585
3576	52606
3578	52953
3693	52731
3699	52560
3600	52986
3694	53616
3645	52504
3671	52882
3607	52817
3638	52675
799	12287
679	17352
104	7353
607	6560
528	6402
842	14221
744	8586
828	17652
477	16946
641	6627
274	7684
77	12662
566	10014
894	5411
512	13522
89	5565
786	8684
872	14285
625	6604
404	16801
434	11537
51	12615
690	6714
535	17098
713	15708
233	9330
572	6508
421	13323
168	10997
738	10310
809	12334
820	14173
622	4897
207	5770
783	12250
771	15821
643	8411
857	16004
229	12926
485	11642
850	14236
218	9298
12	3748
789	14081
657	12031
841	5316
65	12629
701	10236
20	12557
140	14578
349	11374
476	4603
341	6050
890	14336
479	9806
865	14269
410	11481
853	15997
128	3947
14	8945
412	13305
827	17651
273	11221
704	17373
449	11574
508	9874
518	6387
56	12619
258	7660
887	17773
620	15544
69	10800
766	17494
264	13008
570	4816
465	11609
798	5187
399	16786
43	10765
888	10666
484	16959
205	11066
889	16072
830	15961
221	11105
187	12859
437	7982
647	17310
478	8068
267	4193
35	14411
178	14647
722	13939
232	14762
384	13240
847	8824
151	9180
243	11159
278	5935
287	14891
843	5317
321	14966
314	6010
489	9828
741	8568
246	11170
155	3991
101	14508
606	10086
732	8557
250	14811
849	15989
687	13889
721	15721
265	16527
632	13809
660	8456
445	4544
181	14653
829	7023
247	16495
671	15641
132	12760
309	16612
251	16502
70	5527
594	4851
866	12456
355	6070
367	16738
416	9687
794	10447
62	14443
531	17085
635	8394
638	15576
270	7681
288	5949
595	10068
792	10445
731	10302
1201	24849
1488	19479
1411	24179
1037	17935
1449	24238
1589	24406
1017	22732
1513	21459
1310	20244
933	21660
1349	22251
1541	24347
1176	21992
1438	22374
1533	22465
1361	21286
955	19724
1351	21277
1243	20139
1013	20801
1415	25131
1007	19786
908	19682
1266	23077
1627	20662
1585	25330
1631	19660
1356	19297
1410	25122
1293	18276
1552	20551
1162	21970
1605	23519
1279	18257
1221	22054
1263	23070
1318	22207
1435	21385
1467	19451
1412	22342
985	19765
996	20774
1212	22997
1390	25090
1616	25387
1234	23029
1299	22171
1089	22848
1123	19957
1131	20961
1230	22069
1413	20383
1262	23069
2019	26238
1784	29168
2032	27186
1897	31122
1714	29868
1642	31446
1793	28354
1806	27561
1729	29061
1782	28340
1666	31513
1804	28379
1683	30664
1754	29969
1858	31039
1763	25700
1713	29026
1870	25939
1925	27809
1739	29087
2029	31391
1957	31250
1770	27494
1962	26147
1993	30462
1767	28306
1645	28895
1702	27360
1646	28053
1684	30665
1927	26071
1954	27023
1913	28622
1647	26334
1726	27419
2030	31394
2033	28003
1949	28697
1680	27319
1884	32036
1828	25861
1834	31916
2039	27200
1694	31570
1709	25587
1818	26730
1929	29474
1859	30191
1977	27069
2007	28795
1798	27551
1774	29994
1932	32147
1722	31644
1792	30031
1718	26493
1868	25931
2034	26294
1673	26394
1874	26851
1695	25557
2000	27924
1901	29404
1876	26854
1705	30715
1934	26085
1882	28561
1778	28326
1824	29247
1908	31147
1801	31816
2016	31344
1765	25702
1971	31277
1693	27336
1820	30961
1742	26546
1903	28593
1831	25876
1780	30865
1701	27359
1969	26161
1842	27643
1678	29790
1814	25807
2011	30483
1638	29688
1749	26563
1637	25417
1636	28879
1950	26110
1984	27086
1698	27349
1928	32137
1863	31980
1737	28249
1677	27310
1941	28686
1958	32193
1644	28893
1753	30821
1999	30470
1890	30249
2002	28787
2037	32374
1963	26148
1930	30337
1664	25473
1871	29344
1799	30911
1659	28916
1810	28390
1829	28432
1660	27266
1688	28152
1880	26866
1879	29364
1725	29054
1800	30915
2084	34153
2094	32496
2112	35371
2241	33368
2178	34936
2065	33032
2080	34134
2214	35012
2098	34166
2215	33306
2282	35159
2200	34409
2260	33977
2274	32915
2048	35239
2108	34795
2101	32521
2115	34210
2170	35468
2182	32705
2126	35936
2134	35943
2166	32629
2300	32949
2105	33662
2179	36557
2229	36652
2068	32439
2187	34970
2066	33555
2226	34443
2067	36331
2277	34573
2317	36281
2271	34559
2311	35202
2041	34074
2219	33876
2059	35801
2121	34808
2303	35736
2284	36766
2301	34045
2073	33041
2213	36617
2083	34146
2267	36738
2295	36254
2175	36530
2254	33394
2064	34696
2160	35450
2185	35525
2212	33868
2186	34379
2145	32589
2119	36431
2057	35259
2514	37660
2603	38830
2532	39265
2666	41502
2778	42604
2836	44599
3266	45905
3149	47422
3191	49193
3250	47032
3438	50256
3426	50608
3391	51650
3318	50431
3377	50168
3428	50232
3364	51958
3380	51991
3363	51252
3481	50695
3470	52128
3360	51596
3348	51586
3630	52302
312	16622
557	13645
237	16474
537	4738
706	13913
3	3725
125	5616
52	16180
171	9217
793	17547
152	12801
649	13845
430	6195
377	11426
144	14593
867	8861
602	13731
550	13631
371	11420
832	5290
23	10728
353	4372
91	16256
390	4436
235	9334
1455	25190
910	24500
1029	18871
1443	25179
1294	24042
1752	25675
2560	37751
2924	44697
2658	42437
2875	41343
3091	45622
745	5096
743	10321
760	17472
541	4750
516	8172
639	8400
880	5377
281	4223
501	11690
462	4589
92	10857
94	14495
110	9103
803	17582
615	8352
406	16804
614	13755
669	10193
470	16936
450	9748
307	14937
500	13473
74	7289
244	9372
573	8280
856	17708
299	4272
58	16194
285	5946
727	8552
224	11115
369	7859
362	7841
1209	23922
1103	20923
947	21673
1253	22106
1791	27533
1899	28585
2060	34689
2137	35405
2322	35210
2102	35884
2042	34649
2148	33172
2231	35042
2316	34062
2107	33120
2144	32588
2106	32534
2124	35382
2617	38849
2550	38737
2324	40445
2607	40946
2620	38361
2346	38398
2478	39141
2540	37720
2326	38371
2594	40376
2494	39700
2523	37197
2410	36993
2385	37948
2374	37928
2515	37174
2576	39332
2427	38014
2387	40046
2481	37108
2567	38272
2344	40477
2473	37092
2405	40079
2454	40143
2597	37805
2553	37240
2403	36980
2411	37498
2439	38028
2355	39982
2432	40621
2564	38268
2557	39828
2333	36850
2577	39863
2368	40519
2513	39742
2415	40591
2536	38214
2544	38235
2384	40042
2419	39039
2587	38301
2527	38203
2547	39287
2522	39244
2325	39411
2377	38446
2548	39817
2431	39073
2443	37041
2435	39075
2331	37356
2584	40359
2414	37502
2356	37407
2337	37372
2520	40257
2338	40463
2546	39286
2461	39114
2416	37000
2475	40167
2353	40491
2469	37591
2493	39697
2397	39001
2426	39063
2366	36909
2689	43372
2626	41907
2646	42420
2895	44198
2900	44208
2813	43608
2800	42642
2810	41725
2812	42216
2750	42085
2698	44377
2622	43783
2902	44211
2727	43443
2640	40997
2733	44438
2730	42525
2858	43670
2748	43970
2739	42543
2759	44481
2904	44675
2807	44561
2709	42498
2869	41790
2768	44000
2937	44720
2817	43613
2655	43338
2799	43089
2872	44639
2693	41064
2747	44466
2761	42109
2667	42439
2841	43171
2652	42896
2783	44031
2889	43708
2916	42795
2758	42100
2857	41330
2692	42473
2824	42241
2941	43282
2847	42279
2891	42320
2879	43697
2671	44334
2890	42764
2764	41638
2934	43774
2696	43876
2905	42780
2828	42248
2686	43369
2647	41007
2697	41542
2724	44418
2878	44646
2787	43073
2808	43112
2766	43034
2809	41280
2681	41974
2751	41161
2781	41216
2636	41470
2725	44423
2835	44132
2705	43413
2880	43699
2680	42914
2853	41777
2726	41589
2921	41409
2874	41793
2651	42895
2779	41211
2913	42350
2863	44169
2926	42810
2738	42538
2920	42797
2702	43402
2740	43953
2893	41809
2832	42256
2939	43276
2909	42343
2716	42967
2769	41646
2672	41950
2849	41770
2918	43746
2850	41326
2699	42940
2642	43321
2735	42987
2639	43316
2637	42402
2936	41438
2662	43831
2657	41498
2791	44049
2903	44674
2770	41184
2707	42958
2848	43180
2840	41767
2638	41471
2930	42819
2775	43526
2624	40978
2780	44516
2718	43432
2861	44626
2741	42552
3204	48067
3227	48102
3130	45690
3256	45275
3195	47490
2948	44736
3263	46477
3222	48656
3026	47236
2990	45455
3035	48357
3216	47524
3219	49225
3267	47063
3156	45087
3217	49222
3192	46357
3011	44828
2959	45972
3116	46233
3060	48401
3140	45701
3231	49254
2966	44757
3038	48933
3071	45600
3225	48669
3232	48122
2955	48810
2962	45405
3236	47016
3286	49332
3287	47089
2951	47671
3018	45510
3111	47369
3050	46705
3245	47585
2965	47137
3157	46891
3053	48972
3016	45508
3316	49373
3352	50128
3407	50945
3335	49413
3456	50652
3517	51109
3345	50123
3627	52484
818	12350
172	7458
703	8504
624	10119
1450	19421
1425	25146
1557	24370
1186	20040