1775	23741
4423	32624
4709	33073
6013	43521
6924	44576
226	18246
1124	12281
1974	16875
2499	21225
3425	31554
3048	25373
4344	30679
3015	29192
2948	30990
3267	31346
4092	26505
3980	26378
3531	29780
4762	38294
5491	34377
4932	35172
4585	34674
5152	33845
5184	37279
5440	35986
5008	36972
4610	36358
6343	41671
5548	39649
6468	43999
5572	43056
5720	43214
6123	42568
6033	42466
6435	43965
7111	46914
7062	47852
7087	44807
7004	46732
8193	49999
7557	48495
8189	50933
7313	51053
7638	51384
9626	55445
8930	53733
8628	53488
9042	52678
8596	54603
9731	58834
9969	56830
10183	57718
10005	57580
10093	56935
10113	58397
10742	59608
10608	59868
10847	60781
10599	59498
10727	60336
10831	60065
10770	59636
10891	60818
2628	14244
42	11044
2377	21079
2290	24450
1000	15624
457	11503
1661	20079
103	11136
831	22586
2157	24267
2380	13883
2735	21557
1577	12842
278	14757
2136	20712
1233	15938
1914	16792
402	14927
851	11970
639	15171
668	18767
66	21686
1245	23116
1025	15655
2672	17822
1541	16292
1224	15924
916	15520
842	18998
1089	22904
494	11559
2105	24201
1081	19298
479	11536
31	21659
1977	13372
1076	15710
2096	20669
1946	16834
1832	23818
2	21604
1926	20441
1115	22928
695	15232
560	11634
2413	17437
288	18319
2019	24083
940	12087
1072	22883
1209	19460
854	19015
682	11775
389	18442
1102	22913
1924	20437
1096	19312
2195	20797
3857	26241
3931	32082
3193	25513
3583	27904
3930	28286
3704	31847
3952	30250
3260	29495
3148	29356
3471	29725
4032	26434
4189	32368
3590	31728
4268	30596
2870	30916
4205	30509
3627	31771
3299	31389
3844	26224
4339	28729
2830	30876
4250	30564
3845	31998
3309	29564
2848	27011
3677	26039
2803	26952
4449	28874
4248	26673
3975	28342
3758	30007
3103	31191
3410	29676
3080	27318
3071	31155
3480	25836
2991	31046
3796	30055
3079	29283
3750	28072
4320	30647
4181	28590
3052	31120
2781	28879
3621	25978
3488	25843
2840	28957
4962	35215
5381	39376
5320	39277
4760	34930
5142	35526
4799	33232
4832	35024
5391	35921
4729	36511
4508	34558
4831	38403
5253	35704
4764	33166
5404	35942
5163	38983
5511	37766
4946	38586
4637	34743
5213	37332
4934	36846
5314	39268
4740	33142
5288	35766
4704	38196
5406	34266
5000	36956
5221	39106
5051	37058
4798	34988
4927	36838
5536	36126
5267	35714
4827	38400
5208	39081
5054	37072
4580	36304
4793	38350
5268	37403
4668	36433
5424	39439
5648	39762
5988	40176
6474	41813
6251	41544
5629	39740
5719	39843
5715	43209
5566	41935
5695	39815
5849	40012
6331	41658
6464	41804
6140	41430
6109	41403
6497	41846
6406	43935
5905	40081
6103	42544
5976	42402
6297	43823
5592	40822
6061	43566
5742	42138
6334	42809
6024	42460
6101	43608
5646	42011
5662	39784
5595	39703
6421	42910
5620	43093
6760	47443
7269	46067
6648	44226
6680	47350
6558	44104
6567	45116
6767	44380
7041	45729
6838	44474
6717	47388
7183	47036
7219	46002
6886	44526
6762	45360
7260	48165
7130	47967
7150	46980
6566	44112
7092	44816
7039	46799
7153	45909
7250	46042
7080	47896
7079	46873
6873	47591
6728	45309
7147	48003
8241	50034
7796	50551
8291	51973
8211	50010
7838	48752
7683	50452
7323	50128
7547	51293
8014	51723
8258	49096
8131	50862
8017	51727
7842	50594
7897	50632
7794	51527
7811	51546
7721	48629
7442	49290
7343	48267
7947	49761
7400	49237
7936	48817
7406	51130
7562	51311
7380	49214
7525	50300
7766	51498
7863	49705
7510	50288
7625	48554
8228	50963
7450	51191
7399	50187
7384	49220
7932	50669
7692	49557
8254	49083
7551	49423
8354	54406
8684	52320
8808	55882
8778	53606
8776	53603
9263	54023
9456	54185
8582	55701
8448	55593
8896	54840
8839	55906
8504	53375
9279	55171
9648	53195
9528	55357
8357	54411
9323	52920
9618	55439
8581	54590
9203	52834
9425	56401
8770	52392
8862	52482
9342	56339
8648	53504
8616	54623
9340	56332
9443	54170
9118	56148
8725	54712
8793	53627
8899	53709
8575	52228
9290	52899
9470	56448
9106	55026
8694	52327
9232	56250
9048	53854
9565	55393
9067	54995
8426	53309
8935	52554
8390	54435
8819	52437
9252	56263
9192	52827
8846	52467
9061	53861
8539	52192
9442	56420
8428	54467
9635	53186
9227	52857
9249	55148
9608	56566
9024	53823
8314	54363
10306	57095
10288	57822
9739	57378
10376	59343
10387	57890
10042	56897
10065	58366
9876	58208
10008	59043
9754	58103
10345	57857
10416	57919
10063	56913
9801	58874
9901	58960
10558	57310
10134	59132
10311	59286
10382	58615
10510	57275
9843	58184
10352	59319
9930	56807
10326	57114
10071	58369
10172	58452
10425	59382
10304	57094
10142	57684
10512	57994
10081	58376
9879	56767
10320	57839
10263	57791
10389	59356
10219	59194
10237	58505
9922	58249
10393	57168
9829	58896
10523	58002
9967	58284
9970	59005
9775	57398
10527	57289
10105	57649
9703	58069
10437	57934
10525	59453
9665	56612
9661	58031
10881	59744
10668	59557
10930	59791
10579	60195
10751	59618
10691	59941
10963	60889
10664	60646
10773	60727
10799	59668
10722	60330
10717	59590
10642	59899
10567	60186
10730	59599
10719	60325
10646	59532
10890	60470
10655	59542
10958	59821
10648	60264
10613	60219
10757	60361
10666	60284
10601	60209
10694	59574
10586	60581
10836	60770
10647	59533
10900	60488
10800	59670
10854	59713
10609	59506
10793	59665
10941	59802
10937	59800
10610	59507
10887	60815
10811	59679
233	18249
2152	20731
159	21794
378	22062
1907	20397
856	15441
2498	14057
2212	13675
2593	24789
528	18605
928	22705
500	22223
1211	23073
2428	13963
1816	16665
1753	13074
2396	13919
463	11510
202	18223
1644	23595
1812	13162
790	15351
327	18358
1149	19372
845	11963
489	22205
1100	12254
483	18561
2493	24678
250	14729
255	21908
2078	13495
609	15140
13	14438
923	22700
2205	13668
1724	16539
240	11269
901	19078
2694	24944
279	14758
811	18950
1515	12756
1014	19222
806	15369
2365	13871
1542	16294
1194	23041
2637	21404
461	11508
2386	21088
282	14765
2616	14221
439	11483
2309	13807
759	15322
1586	12859
477	14997
1477	12717
398	14920
1227	15930
237	11265
1855	20326
2473	17536
2457	17508
482	15001
102	11135
898	22678
2137	24237
897	12030
1669	16472
1399	16135
2091	20665
1597	23545
1472	23392
113	21742
2188	24311
1105	19318
667	22398
720	11802
263	11301
659	11753
1619	16396
739	15285
1539	12794
2487	17559
2578	24766
2673	21460
506	15026
948	12092
1107	12259
1865	23862
1846	13217
1284	19586
262	14748
1198	19438
949	19136
1879	13261
2449	21167
2490	17562
542	18624
324	18356
607	22327
1147	22985
2483	17545
1362	19689
1801	13149
2584	24777
1790	13131
2315	17343
416	22105
286	14771
1429	23342
219	18237
2598	14188
2320	13821
1779	23745
1607	19997
2244	20897
1805	13157
832	18979
805	18941
1320	12532
1323	19640
1465	23379
1428	23336
953	22731
347	22012
752	15308
2559	24752
2384	13892
2520	24700
1886	16747
271	14755
568	22288
593	11670
2109	13532
2412	13935
2697	21486
621	11704
458	11504
1207	12398
1594	12864
43	14485
1641	20052
2075	13492
1085	15727
1184	19427
2293	20970
1600	16373
709	11792
2029	13429
2425	17460
384	18435
744	11836
1748	20178
1523	19884
2057	20617
2634	21401
366	14866
1502	19862
1699	16516
1491	16241
1040	15679
1223	23090
1725	23681
2567	17644
2440	21159
1438	19791
2729	21543
2042	16963
746	11847
2199	13657
2660	14274
1558	23498
995	12149
98	11124
74	14514
112	18089
2020	20571
1900	20387
1267	23146
512	18589
2222	17205
148	21782
215	21869
1608	23548
545	22271
2305	17335
636	11727
1414	23316
1361	12587
525	15048
780	22530
1082	15721
726	22456
2322	20997
2323	24488
231	11261
2402	17429
46	18016
1916	16798
196	11231
967	22752
804	11904
2491	17564
1111	12262
933	19119
2274	24432
1574	16337
2731	21546
2696	14309
2501	24682
523	22245
615	11696
2198	17179
2266	24423
85	11110
2442	21161
497	18576
2090	24187
1690	12991
1091	22905
1665	20082
2486	24674
787	18912
2576	21307
2532	21254
1187	23038
1952	13344
1593	12863
1464	23376
2524	14091
1519	16273
1288	23166
223	14700
2833	26991
4222	30528
4190	28599
2846	25122
3216	29424
2822	28931
3388	31509
3861	30137
3795	30054
4251	30566
3811	26191
4122	28524
4101	32269
3024	27241
3751	28075
2798	30834
4152	28555
4293	30619
4316	30641
2973	31016
3767	26135
4315	32505
3554	31679
3290	27577
3040	29233
4381	26822
2898	25180
4220	32404
3288	31378
3331	31430
3969	30271
4371	26812
3929	28285
2831	30878
3365	25708
2836	25113
3464	25825
3681	29928
4297	26724
4118	28520
3455	31583
3574	25945
4086	30390
3361	29620
3653	27978
3424	31553
3453	27776
3181	31267
3221	25541
3325	25668
4234	30548
4446	26912
3280	29520
3053	29246
4173	26602
4325	32514
3507	25868
4242	28655
3085	25409
3649	29904
3469	27785
3673	26036
4202	30507
2970	27154
2921	29060
4394	30736
4223	30529
3144	29353
3726	28049
3628	25990
3520	25878
3204	29411
2813	30853
3033	29222
3896	26289
2918	27101
2824	30864
4327	30660
3045	27272
3034	25358
2842	27000
4458	32662
2850	28968
3937	28294
3780	30031
3560	29811
3018	29205
2862	27022
3436	31561
2966	25249
4066	28464
4274	26709
2998	29163
3456	31584
4354	32549
3523	25881
3765	26133
2818	25098
3869	30141
3217	29425
4144	32305
3916	26302
3648	27966
3615	31757
4120	26539
3702	31843
3232	31314
4257	30574
3926	26315
2834	25112
3100	25421
2960	29112
4051	28445
4412	26852
3689	29940
2883	29002
3806	26184
3022	31093
3467	25827
3764	30014
2911	29048
4211	26635
3337	29598
3605	25967
3418	25778
3383	27697
3614	29877
3037	27258
3706	29956
3561	27876
3124	25441
3090	25412
3787	28108
3543	29791
4159	32319
3899	32044
3947	26340
4455	28877
3691	29944
3565	25936
3949	28308
2892	29013
3327	31416
4270	26702
3051	25374
4080	26488
3663	27983
3892	28238
4099	28490
4278	32470
3944	28303
2984	27179
3698	29948
3910	28259
3530	31660
2937	27118
4306	32497
4319	30644
4406	30750
3457	25818
3654	29912
4342	32536
3822	31971
3607	31752
3318	25661
3884	30156
3888	28233
3002	29177
3745	31890
3475	25833
4129	28535
3243	29469
3000	29169
2844	27006
3083	31170
4155	30460
3105	31193
2856	25129
4445	26910
2875	25152
3275	25615
3278	31360
4192	30500
4111	28510
3323	31409
3616	27938
3017	27234
3695	31840
3276	29515
3859	26244
4393	32583
3526	31654
3555	29799
3226	27493
4013	26416
4038	32201
3403	29665
2819	28926
4178	32356
2969	25258
4419	26868
3043	25366
4335	32529
2971	25262
3153	25477
2974	31018
3528	27842
3295	31383
4087	26501
3198	29402
3894	30177
4024	26429
4374	28786
3277	27558
3057	25380
3220	25539
3050	27276
2897	25179
3683	26044
3111	27351
4076	26480
3923	32076
4444	30800
3906	32056
3925	30219
2782	26926
3973	32139
2839	28958
3808	28133
4330	32524
3271	27546
4063	28456
2924	25204
3458	25819
4363	30708
2872	30917
3871	32020
3595	27918
3665	27985
2852	25127
4430	26888
2995	27192
4088	32256
3402	27718
3815	28139
2843	30887
3932	28290
2978	29129
4049	32216
3503	31624
3459	25821
2987	25287
3630	29888
2786	28887
2796	26944
3626	25989
3878	30149
2914	25195
4283	32475
2878	25154
2979	29133
2795	26942
4432	30782
3132	29343
4016	32186
4414	30753
3766	31909
4128	26546
4388	30732
4184	30495
3887	28231
3966	28330
3130	27381
3678	31828
3497	29741
3558	25924
3839	31988
4410	26849
3351	27651
3529	31658
3263	27531
3404	25758
3608	27932
4271	28677
2952	27131
3902	30181
2860	28975
3659	27979
3255	31339
3228	27494
3865	28202
3791	31931
3446	29706
4263	32455
3682	28003
3202	29407
4209	26631
3919	30199
4010	30316
4452	30815
3741	26106
3971	28338
3259	29494
3984	30290
3737	26099
3635	29893
3997	30304
2805	30842
3482	27795
3631	29889
3237	29459
3972	32138
4326	32516
2826	30868
3511	31637
4141	32303
3374	29631
4191	32370
3647	27964
3967	30268
3315	27609
3900	32046
2964	25244
3314	25657
3001	31058
2864	25139
4338	30673
3883	30155
3509	25871
4108	26529
4210	28618
3030	27250
3392	31514
3421	27742
3360	25702
3146	27408
3700	28025
2800	26946
3077	31162
2783	28885
3781	28100
3879	30151
3336	29597
4140	30443
4035	28424
4443	32652
4156	30462
4113	28514
3408	29672
3799	28119
3897	32041
4334	28721
3164	27427
4105	28503
4100	32267
3269	31351
3945	32106
3189	31276
4036	28427
3909	32058
3428	29694
3069	29267
4183	28594
3715	29964
3636	25996
3363	25705
4329	28717
2807	28916
3753	28076
3880	26266
3489	25844
3207	31291
4347	30684
4119	32280
3378	31490
3166	25488
3991	32160
3313	25656
4164	32328
2837	26994
3346	31445
3922	28276
2901	27070
3841	30117
4401	28813
2935	25220
4104	26521
4170	32341
4001	26396
3013	27224
3081	25407
3586	25954
4007	28379
4397	26837
4136	26557
3591	27914
3854	26239
3699	28024
3172	25497
3502	29747
3729	29982
3411	25766
3650	31793
3895	28242
3096	25417
3297	31384
3831	26214
3441	29699
3414	29678
3049	29242
3642	27959
4292	28690
2949	25231
3195	29401
4179	30491
4264	30586
3941	30239
3248	29478
2958	27137
3559	27872
4343	28736
4110	30418
4149	30450
3430	25790
2816	30858
2943	30982
2963	29114
4037	26438
4098	26512
3998	30306
3382	25728
3632	29890
3054	29250
3251	29489
2988	29152
3091	25413
3099	31184
2785	25056
2851	27013
3875	30148
4074	26476
2917	25196
4362	32555
3443	29704
3114	27357
2989	25292
4177	32351
3759	26126
4337	26772
3602	25965
4360	26803
3213	25534
4880	33360
4488	37859
4964	35223
5269	34043
5454	34322
5362	37555
4906	36805
4462	32675
5061	35420
5357	37547
4848	38430
4561	37967
5415	37631
4917	36820
5053	38815
4877	33355
5141	37208
4590	38029
4512	37904
5169	38997
4744	38267
4511	37899
5293	39226
5246	34019
4665	34786
5501	36067
4701	34825
4758	36564
4851	33307
5120	33776
4595	38038
5484	34371
4981	38668
5300	35781
5240	39141
4626	34729
4868	38466
4922	38551
4951	35189
4919	38540
5306	35790
4485	32708
4481	32702
4546	36247
4716	34846
4521	34575
5020	33619
4699	33050
4853	35053
4532	34590
5089	33732
4772	38316
5265	39181
5530	37796
4751	36561
5737	39873
6036	42468
6037	43547
5808	41070
5956	43466
6234	42684
6431	41771
5600	39706
6258	40462
6092	42531
6447	41787
6346	41680
6074	42508
5857	40019
6224	41509
6306	42777
6508	44041
5843	40001
5986	43493
5747	43243
6466	41805
5751	43249
6487	42960
6990	46706
7115	45837
6986	46702
6978	47728
6738	46382
7175	44936
6721	47398
6619	46222
7065	44772
6912	46613
7265	46063
6916	47642
6835	46522
6668	44247
7078	47892
6851	46538
7129	46944
6897	46602
6605	46193
7291	48217
6630	45202
6677	47348
6613	47277
6606	47257
7020	47787
7019	44697
7026	45709
7293	48220
6889	46589
7155	45911
7143	44893
7071	46859
6757	44365
6736	45323
6581	46159
7056	44751
6850	45485
6554	46121
6565	46139
6861	47572
7134	47981
7009	46744
7095	47915
6624	44198
7086	46883
6893	47609
7133	44881
7158	46990
7233	45017
6908	47630
6631	44205
6741	46388
7109	44846
7180	47029
6949	44601
7240	46031
7298	48228
7136	46953
6818	45449
6992	44655
6755	44363
6852	47561
7102	44834
7110	46913
7085	45800
6658	45226
6673	46286
7077	46872
7230	46022
6584	47234
6882	45529
6594	45153
7186	47042
7035	46790
6963	46675
6560	45103
7389	48309
7573	51318
7763	49623
7664	50436
8273	50065
7558	49437
8163	50911
7779	48696
7845	48755
7506	50287
7983	49785
8196	51890
8013	50737
7890	50627
8055	49860
7920	50651
8167	49975
7393	51112
8028	50744
7834	49683
7310	49167
8960	52579
8926	54867
8476	52122
8999	52631
8781	55859
8531	52185
9141	52779
8635	52285
8964	52583
8772	52393
9577	54284
9391	55246
9221	56246
9503	54227
9622	55441
8383	52043
8994	53799
8574	55698
8888	54829
9112	52758
9359	52951
8514	53383
9483	55320
8595	53456
9241	56255
8639	53497
8942	55999
9083	55005
8809	53644
9248	54006
8746	55829
8478	54504
8672	55780
8597	54605
8702	54685
8878	53694
8650	52296
8909	52529
8691	53528
9225	52855
8945	54882
9135	56159
8312	54361
9563	55391
8571	52226
9015	53818
8952	53755
8506	55638
8921	53725
9134	55044
9576	53125
8655	55765
9471	56450
8676	52312
9011	54937
9065	56113
9316	54074
8552	52204
9341	56334
9412	55265
8547	54563
9018	56066
9131	55041
9612	53165
9125	56151
8585	55704
8843	54791
9501	53067
8805	52424
9461	53026
9583	54293
8487	55624
8789	52409
8365	52030
8438	53317
9411	54151
9190	52824
9044	54976
8318	55481
9656	53205
8794	54750
9088	53874
8576	52229
8957	56009
8431	53312
9308	54063
8983	52612
8402	54438
9032	52666
9373	55229
9499	54226
9236	55132
8560	55688
8556	55684
8752	53577
9353	54111
9469	56447
9630	56582
9265	56276
9405	54145
8733	53557
9596	54304
9033	56076
9614	54323
9494	54216
8440	53320
8455	55598
8955	52575
8737	53562
8429	55581
9322	55188
8495	55631
9477	54192
8368	55533
9296	56298
8573	54585
9357	54116
9207	53976
9129	56153
8761	55840
9095	55012
9584	54294
9495	54218
8410	54449
8550	52202
9127	52768
9367	55226
9385	54130
9889	58221
10012	56871
10126	56969
10102	56943
9880	56768
9672	57323
10064	58365
10203	57732
10443	57203
10314	57836
9962	56826
10223	58495
10127	56970
10556	58754
10268	57068
10036	57601
10201	57731
9950	58272
9770	58112
9755	56687
10160	57699
10177	57712
9799	57421
10414	58641
9786	56718
10289	58558
10511	57276
9724	58826
9953	58987
9701	58066
10133	59131
10440	57938
10079	56925
10262	59240
10391	57894
10291	57823
10529	57290
10462	59410
9822	58167
10325	57111
9793	58137
10274	57801
9902	58230
10538	57298
10407	59366
9845	56746
9996	57568
9744	56680
10069	56918
10531	58730
10200	59173
10555	58752
10479	57242
10163	56991
10229	59205
10368	57878
10446	59398
10180	57713
10299	57092
9916	57498
9878	58209
10257	58525
9681	57333
10099	56940
10092	59097
10465	59414
10417	58643
9833	58905
10478	57241
10405	57173
10380	59350
10526	58724
9757	56689
9714	58816
10347	57858
10242	57767
10125	57666
10074	56922
10379	59349
9968	58286
9917	57499
9803	57422
9884	56780
10547	57309
10024	56883
9668	56617
9824	58169
10109	57655
10165	58446
9949	58270
10712	59584
10615	60601
10901	60829
10600	59502
10926	60853
10832	59700
10864	60797
10588	59493
10796	60396
10920	60138
10636	60625
10970	60896
10755	60711
10828	59697
10894	60821
10829	60430
10877	60102
10843	60775
10699	60316
10605	59504
10760	60715
10637	59893
10803	59671
10790	60034
10649	59535
10886	60813
10798	59667
10885	60113
10711	60678
10700	59952
10570	60190
10945	60522
10835	60769
10775	59641
10592	60586
10714	60679
10612	59871
10933	59793
10693	60670
10679	60654
10687	59569
10652	60265
10905	60496
10805	59672
10876	60803
10783	60028
10697	60673
10590	60585
10671	59923
10954	60878
10737	60695
10704	59956
10833	60431
10698	60314
10786	59655
10960	60163
10661	59549
10837	60434
10922	59785
10594	59496
10934	60149
10927	60854
10645	60262
10753	60358
10571	60192
10657	60640
10969	60173
10917	60844
10602	59865
10606	60212
10910	60834
10869	60456
10740	59990
10955	59819
10634	60245
10947	60875
10896	59763
10925	60505
10923	60141
10850	60076
10633	59523
10677	59928
10948	60874
10914	59776
10804	60402
10684	59934
137	21772
1692	20109
1260	19546
2427	24611
142	14612
2319	13819
2201	13661
850	15434
2691	21480
1174	15845
2310	24479
2153	24261
2664	24911
1960	24004
292	11328
1350	23241
2111	24205
2675	24925
2382	13886
419	14943
1551	19921
2263	17273
1141	22978
1432	12670
2051	16974
2184	20781
185	14661
1566	12824
1238	15943
2730	21544
2361	13863
2435	17474
2340	21013
687	11777
434	14957
1364	19690
1734	16551
2003	24060
1346	16075
2779	25049
1434	12672
700	18796
1512	19874
1698	20119
2434	13973
2216	24357
1130	22967
1761	16589
2271	13767
2004	16925
900	12031
2032	20582
238	18256
2497	17569
1287	19593
2651	21432
1002	12156
1717	13029
1235	19509
1218	23080
1037	15670
927	22704
2615	17728
1371	23263
1755	20185
7	21610
1125	22952
778	18901
2703	21495
1736	16557
16	11007
2242	13727
2599	21340
1075	19290
1348	12575
1532	19888
1535	19895
2448	17495
660	18758
1020	12177
1466	19816
192	21837
2748	17908
551	18633
763	11862
1917	13309
2772	21595
2113	17065
1988	13386
2721	21528
645	18740
596	18683
1498	19853
902	19079
1363	23256
554	11626
170	11206
1460	16204
1798	20240
2012	20564
2661	24910
418	18480
359	14854
2453	24632
1392	19725
1967	16860
729	18833
533	15055
2169	17133
679	22412
2193	13646
1517	19878
396	14919
2762	25032
997	22803
2288	17308
86	18059
182	21826
2560	24753
1810	20267
1201	23052
932	12075
1678	12973
749	18868
1259	12446
1994	24045
57	18024
2764	17925
2114	24218
294	18325
2719	21525
146	18144
1426	23331
1333	23220
331	18364
1069	22881
1696	20118
1528	23461
614	18709
704	15241
2392	24569
1500	19859
764	15327
408	11452
48	21670
253	21906
2476	21198
350	22021
1975	20499
1355	16083
1645	16439
527	18604
372	18418
1831	13194
449	22150
260	14741
1349	12576
504	22225
1771	20201
1885	13269
2129	17087
1295	12501
1163	15827
382	18429
216	11250
133	21767
2318	17345
1156	15816
1154	19378
774	11870
386	22070
1015	19223
1358	23248
716	18824
1643	16436
2432	21148
1662	16464
1142	22980
2295	20974
1811	23786
1381	19711
2370	21068
918	22698
1467	12710
1985	20523
1079	15715
719	11803
256	21912
824	15397
2667	14282
1312	19628
1789	23754
417	18477
344	18377
1087	22900
642	15179
1617	20019
1874	23871
329	21991
122	21749
1795	23761
1536	12786
962	12110
289	21940
1996	16907
1386	19715
1936	13329
591	22316
2454	24634
1958	23997
2027	16946
2603	17706
79	21702
20	17976
2208	24344
1023	15653
171	18175
1027	22835
413	14940
1841	13208
2300	17327
2601	17704
2084	13504
1436	12675
2489	17561
1059	19282
1686	16494
3946	32108
4309	26738
3338	31438
2913	25194
3381	31497
3537	31665
3738	29991
4236	28643
4332	28718
3092	27335
3848	30124
3992	30301
4039	32203
3236	27503
2811	28919
3597	31736
3273	29510
3485	31606
3055	29251
3376	29633
3470	29724
4203	32392
3138	25465
4143	28545
3864	26251
2829	26983
4133	28536
3141	27398
4324	30650
3734	28060
4201	32390
3472	29726
2881	27045
3580	27901
2793	26941
4027	30336
3596	27921
2799	30835
4400	32589
2885	25168
3301	29550
4061	28455
4453	26919
4135	26556
3463	25824
3955	26348
4197	32381
3214	25535
3496	27810
3516	29769
3039	29229
3409	25763
4428	30778
3197	25516
4382	28791
3108	29313
4022	30329
4043	32210
3242	29466
3575	29836
4238	28644
3450	29708
4275	26710
3339	29601
2863	27024
3801	30058
3709	28033
3437	31563
3956	30256
4262	28669
4176	32349
4438	32646
3983	30288
3222	29430
3833	30107
3006	27216
3882	28220
3713	31854
3432	31559
3121	29328
3345	27642
4021	30328
4960	33497
4662	36427
4538	37947
5281	35743
5526	34445
5271	37406
4881	36757
4807	38381
5095	37127
4999	38705
5324	39281
5196	33930
5193	35613
4698	34820
4525	34585
4593	36320
5182	35599
4888	38488
4823	33260
5525	37788
5308	34092
5028	38772
5209	35638
4526	37923
5026	33644
4804	36645
5137	38940
5150	37228
4765	38298
5341	37512
4636	32959
4630	32947
4569	36285
4777	33198
4861	35068
4603	36346
4974	38650
4899	38509
4645	34753
4495	34526
4904	33406
5473	37721
4961	36887
5029	35362
5157	35565
4475	36154
5388	35905
4559	34619
5003	35312
4527	37924
4862	33330
4594	34682
5425	34282
4878	35093
5374	35881
5103	37146
5006	33593
4588	34678
4471	36150
4975	38653
4979	35262
5416	35956
4522	34578
5275	35730
5349	34158
5331	39295
4731	33120
5505	37750
5259	39175
5537	34459
5465	36028
5062	38829
4661	34782
4567	32846
5226	33989
4863	36733
5298	37450
5458	34328
5207	33963
5487	36054
4686	34810
5166	37253
5397	39406
4992	36940
5110	38903
5192	37290
5101	33752
4774	33190
4980	33553
5040	33653
5317	34110
4542	32816
4947	35183
4816	36663
5319	34113
4563	37974
4870	33344
5009	35319
5328	35820
5307	39242
4664	38137
5171	35585
4605	38053
4724	36506
4834	38406
5380	35900
5206	39075
4599	34687
4836	33283
4959	38603
4918	33425
5148	35541
4639	32961
4535	37942
4914	38536
4539	34595
4718	38220
4648	32985
4913	33421
4937	35176
5478	39524
5470	34357
4967	33508
5138	33805
5354	35852
4737	33135
4657	38124
4935	36847
4557	34618
4838	36705
4566	34629
5506	34402
4912	33420
4743	34902
4948	35185
4921	36826
5045	37049
4707	33066
4600	32904
5496	37742
4995	36947
5145	33822
4464	32676
4463	36138
5068	33694
5091	37120
5418	34276
4890	33369
5464	34345
4552	34608
5392	39396
5303	39239
5129	35508
4513	34569
5405	35945
4949	36863
5433	39452
4472	36152
4742	34895
4623	38080
5264	37396
5481	37729
5336	37508
5483	36046
5534	39633
4905	33407
5395	37596
4843	38429
4502	32732
5514	39579
4940	38578
4780	36603
4689	38170
4492	36175
5214	35649
5242	35691
4494	34525
5056	35411
5338	37509
5326	34125
5082	33723
4790	36623
4484	34507
5497	39553
5210	37329
4586	36313
4691	38174
5700	42083
6120	41412
5967	40151
5571	40808
6340	43860
6084	42521
6405	43934
5769	41032
6059	40253
6319	41646
5644	39755
6172	42630
6409	40627
5610	39714
5789	42195
6090	40291
5825	41086
6152	42612
6104	41393
5869	42271
6137	41425
5698	40958
6352	40565
6344	41678
6176	43688
5989	42418
6338	41668
6342	42815
5955	41236
5983	40174
6065	42498
5701	40961
5678	42054
6530	40747
5656	39780
6070	40264
6174	41469
6260	42727
5807	39964
6005	40196
5697	43195
5540	43019
6022	43532
5712	43202
5753	39888
5936	42348
6361	43891
5736	42132
6025	43534
6017	40208
5669	40921
6295	43816
6428	41767
6381	43911
6372	40585
5744	41007
6204	40407
5590	39698
5823	42229
5588	40814
6126	40332
6416	42905
6375	41702
6444	42922
6128	42572
6091	43590
5562	39660
6355	40567
6485	41832
6031	43540
6477	41818
6027	42461
6048	41333
5873	41135
5577	43060
5689	42067
5580	39688
6526	42995
6495	44025
6018	41304
6095	40300
6519	41869
5886	40058
5856	41115
5987	41274
6349	43876
5996	40186
6111	41405
6467	43997
5686	40940
6008	43513
5755	42158
5711	42095
6275	43789
6551	44090
5735	41003
6434	40653
5582	41955
6244	42709
6311	42784
5868	41127
6314	41638
5723	39848
6181	43690
6082	42518
6810	45437
7165	44919
7282	46089
7075	44799
6839	46524
6965	45632
6690	46320
7856	48761
8057	49863
8155	51858
9610	53164
8379	54427
8865	54807
8696	54681
9474	56452
9581	54291
9931	57515
10360	57867
9838	58909
10553	58751
10150	57690
9820	57435
10322	57108
9805	57427
10277	57077
9906	57491
9669	58775
10241	59217
10271	59250
9684	58049
10240	58511
10458	57954
10429	59387
10016	56875
9774	58855
9756	58845
10672	59561
1882	23881
2250	20904
1770	23733
882	11997
2456	21172
3	10984
1609	12875
1513	23439
1672	16476
2602	24806
2123	13561
588	15122
1649	20060
2400	21104
914	22692
2043	13454
599	18685
199	21852
1388	16120
272	21923
2312	20990
2239	20890
590	18679
1335	12549
25	17987
556	11631
1567	23515
612	11695
1765	16593
4260	32449
3617	31759
2797	30832
3761	26130
3445	25811
4245	32438
3215	31301
4619	32934
5515	39585
6790	44415
7228	45010
6781	45394
7944	50682
8276	51956
7851	49696
7694	48602
9414	56388
9264	52881
10689	60667
1022	22831
2555	24746
1176	12355
1475	16217
563	11636
2506	17580
2547	24731
1071	12218
888	12009
2303	13805
844	15431
1030	15659
649	18750
2064	13481
1408	12636
438	11482
810	18949
1889	16750
747	11848
127	18116
128	21754
2711	24969
1588	16362
117	18094
2618	24841
987	15611
2005	24063
2342	21014
2422	17452
2099	24195
641	11730
894	12026
2067	17007
947	19130
485	22196
2154	20732
91	14548
1786	16631
935	15539
2710	24967
2496	21220
1237	19511
476	11531
1521	23453
1838	13205
1155	15811
340	18374
585	15118
577	15100
3730	28053
3094	31181
2983	29139
3850	28182
2823	28932
4447	28870
3158	29365
4705	38200
4671	34792
4486	34511
4767	38309
4659	34778
5351	35844
6169	43681
5643	39754
5578	41948
5861	43371
6214	42664
6038	42469
6490	40708
6496	40716
5788	41050
5660	43143
5543	41908
6028	42463
6396	41729
6384	40597
6233	40431
5901	42301
6029	41321
6165	40379
5569	40807
5722	39847
5670	39793
6189	42641
7297	46108
7215	45996
6957	47704
6900	46605
6867	46555
7285	48205
6952	45620
7030	46777
6798	45422
6909	44561
6635	45208
6799	46468
6988	45657
6754	46400
7203	44979
6706	47378
6961	45630
6910	47635
7139	46959
7156	46985
6825	44456
6672	44252
7264	48173
6634	45207
6937	45614
6618	45187
6808	44433
6891	46591
6695	45273
6640	47305
6758	44367
7284	45081
6884	45531
6985	47736
6745	44351
6918	46618
7278	48189
6907	46609
6666	47338
6723	47402
6707	45286
7268	45064
6863	44499
6661	44239
7057	44757
6708	45287
6593	47241
6715	47386
7073	47880
6880	45527
6813	46493
7223	47087
6563	44109
7249	47122
7013	47778
7161	47001
7061	47850
7283	48200
6865	44501
6843	45473
6659	47327
6854	45494
6632	47301
6678	46298
6720	45301
6752	44359
6607	45169
6902	45560
6830	45462
6857	46546
6824	46503
6959	46670
6571	47223
6946	44598
7025	45705
7093	44817
7213	47076
7101	45817
7255	46045
6700	46332
6713	44300
6703	46334
6966	44615
6899	47618
7058	44761
6997	44666
6970	44631
6817	47516
6971	47722
6856	46545
6732	46373
6676	44259
7152	45907
6786	44406
6748	47426
6702	45282
6995	47750
7113	44850
7137	46956
7012	46746
7239	47114
6650	46260
6770	46411
7232	46027
6815	44443
7117	45844
6694	46322
6979	44640
6656	44234
7207	48088
6765	45366
6610	44168
6647	46255
6730	45314
6665	47333
7896	50631
7309	49166
7848	49695
7853	48758
7927	48810
7832	49679
7716	51457
7641	51389
7728	51467
7463	48407
8133	50867
8104	49901
8130	48984
7599	49475
7373	48288
7486	49344
7674	49544
8045	50773
7914	51636
7301	51042
7731	51470
7974	50702
7327	48256
7990	51697
7981	49784
7602	50386
7734	48645
8180	50929
7484	51229
8000	49802
8031	51740
8092	51796
8250	51934
8126	51820
8227	51913
7939	49757
8264	51946
8202	49049
7519	51259
8302	51979
8138	50872
7784	49643
7847	50597
7574	50348
8205	51898
8153	49010
7403	48323
8016	51725
7633	49511
7507	49368
7564	48508
7955	48831
7855	49698
7653	50430
7350	50155
8260	49099
7546	51290
8230	50967
8261	50054
7499	49359
8199	50002
8229	50020
8123	51814
7680	48589
8225	50015
7902	49732
7624	49500
7789	50541
7665	49538
7710	49579
8220	50956
7861	51593
8231	50023
7898	50635
8038	48897
8294	51033
7408	51135
8251	50039
7630	49507
7891	50628
8222	50013
7342	48266
7912	48801
8015	51724
7969	51677
7619	50400
7493	50277
8215	51905
7555	50332
7591	50371
8283	51026
7514	50293
7594	48539
7392	49233
7487	48420
7542	48475
7884	50621
8042	49847
7817	48729
7972	51682
7608	51359
7643	51391
7933	50672
8221	50958
7708	48614
7390	50173
8177	49036
7973	48848
7758	48668
8207	49052
7491	51234
7349	50154
7691	49556
7541	48470
7747	49609
7563	50340
7430	49277
7864	49706
7338	48263
8259	50051
7684	51428
7498	48428
8277	50069
7998	49797
8265	50056
7928	50661
7738	50489
7469	51212
8234	49068
8039	48898
7637	49515
7785	50535
8308	51040
7740	49602
7433	50226
8043	48905
7362	48283
7377	49209
8172	49029
8263	51005
7679	50451
7669	48585
8156	50905
7414	50199
7827	50580
7804	50559
7980	48852
7461	50246
7693	51444
7822	50575
7495	48427
7818	49661
7780	48697
7365	51090
7850	48757
7559	51308
8248	51933
7521	48443
7423	50217
7446	49294
7667	50439
8165	49026
7907	51627
7819	48730
8137	48995
7792	50545
7589	49462
8185	49989
8285	50078
8053	50785
7303	48237
8064	50795
8062	51775
7956	50691
8187	51885
7329	49182
8006	49811
7725	51466
9490	55326
9530	55361
9354	52949
9291	52900
8350	54403
8698	53537
8913	52534
8441	52086
8766	55842
8827	52450
8364	52029
8790	54749
8315	51995
8933	53736
8845	55915
8464	54495
8883	52505
9075	52714
9352	54110
9371	54121
8481	55616
8831	54783
9509	56484
8592	54599
9611	54322
8716	52346
9506	56481
8654	52300
8786	53616
8442	52087
8332	53231
8687	55801
8538	55662
8632	53492
8535	55660
9199	56232
9379	52960
9544	56513
8347	52016
9166	56192
9228	52859
8855	55928
9030	52661
9552	55381
9019	56069
8543	54556
9031	52664
9560	54275
9444	54171
8679	54669
9531	56498
8353	53245
9639	56591
8439	55584
9188	53960
8774	52394
9642	54348
9006	54930
9142	53921
9128	52769
8618	54628
9191	53964
8898	54844
8345	54396
9022	52652
9409	54150
9198	56231
9126	52767
9690	56632
10459	59409
9759	57387
9873	58204
10077	59089
9736	56672
10408	57911
10070	58368
10468	57229
9748	57382
10823	60418
10880	59743
10913	60839
1298	19609
243	14717
1120	15763
2436	21155
2360	17378
860	22625
1090	15731
2738	21561
167	11205
1497	12741
4254	26680
4221	32405
3505	31629
3066	27299