1672	23662
5178	35688
5799	39901
2655	21416
1285	23176
1928	23987
1377	19831
4364	32574
3943	32119
3807	30054
2999	29111
2805	27032
4452	30759
4564	36415
5510	34423
5062	38885
5864	41064
6256	43764
5946	40078
5735	39818
7028	44828
7252	46142
8211	50948
7569	50386
7598	50408
8538	52169
9546	53045
8546	53330
10295	57792
10151	58385
9844	56747
10101	58349
10131	56977
10668	60276
10832	59734
10579	59855
10753	60709
10882	60471
10665	59565
10833	60076
10669	59933
1263	12569
1016	22878
985	12270
889	15693
840	22666
2690	14415
519	11669
358	22028
88	18183
2068	17196
446	15124
1610	20104
541	15248
1886	13283
1088	15955
2311	24444
808	15595
2002	24072
2759	21569
871	22695
1706	23712
1345	19801
2144	24237
1819	13208
1372	16317
1586	20069
2657	21423
2157	24262
2689	24936
316	14940
1678	20176
1790	13180
944	22772
1057	15922
1361	19811
450	22173
861	15659
485	22233
1458	12785
1902	23948
3097	29205
4396	26927
4191	26710
3585	25973
3096	25383
4133	32338
4383	28805
4213	30518
4328	30615
3716	28061
3572	31661
3293	29434
2831	30814
4415	32622
2978	30947
3141	29265
4144	32354
2924	30903
3099	25386
2864	25140
4398	32601
3644	29831
3824	28190
3921	28302
3273	31305
3352	29504
3423	25768
3286	27595
4091	26590
2851	28962
3935	30175
4397	28815
4154	28558
3021	27260
4908	36938
5418	36074
4756	36709
5282	39237
4557	38074
5227	37463
4802	36799
5318	37598
4647	36548
4887	33417
5170	37354
5458	39512
4619	34712
4822	38487
4462	34474
5082	35529
5275	34022
5328	35940
4485	37948
4528	36356
5283	39238
5273	34016
4639	36533
5288	37548
5969	43457
5576	39675
6207	40392
6359	42782
5837	41042
5881	41079
6045	40175
5858	41059
5629	39717
6323	41562
6361	43875
6356	43867
5963	41169
6177	41407
5544	39645
6370	42792
6285	40468
6110	41330
5645	41943
7144	44996
7276	47213
6894	46685
6763	44380
7228	47159
6787	45513
7295	46195
6627	44192
6703	47432
7113	45974
6588	45248
6854	45604
6666	44246
6817	46561
6917	47705
7224	48138
6818	45549
6988	47807
8137	51838
7422	50240
7818	50597
8187	49991
7637	49458
7757	49562
7640	49460
7949	51646
7749	49554
7814	49626
7566	50385
7430	49280
8177	50911
7987	48865
7462	48400
8121	49941
8002	49819
7761	50546
8267	50059
7971	49780
7764	51469
7436	50248
7911	50692
9098	52648
9641	56592
9201	55029
9236	52766
8532	52164
8872	54750
8613	52228
8641	52249
8739	53501
9287	56280
8497	53291
9111	56138
9142	53867
9519	55345
8962	55989
8491	55582
8774	53534
9439	56423
9195	56196
8590	55660
9068	52616
9595	56556
8579	55653
9219	53923
9032	52573
9425	54094
8450	54397
9517	56488
8807	54698
9531	56498
9238	55074
9038	54887
9320	54008
9493	52997
8854	55894
10396	59321
10126	56973
9957	58955
9971	57534
10388	57176
10391	57869
10139	58377
10317	57803
10352	57153
10128	59101
9788	57389
10214	58440
10509	57259
9772	58819
9817	57406
9787	56697
9884	57453
9866	58893
10437	57911
9709	58042
9795	57393
9748	58073
10010	58278
10066	59038
10344	58558
10292	58511
9990	58269
9826	58854
10511	57261
9685	58750
10160	59126
9681	58025
9992	56872
10130	59103
10368	58586
10615	60221
10686	59585
10622	59525
10914	60507
10795	60052
10636	60239
10734	60336
10630	59894
10877	60838
10761	59660
10860	60450
10850	60441
10742	59641
10834	60077
10731	60697
10676	60640
10953	60534
10881	60470
10583	59489
10592	60208
10945	60169
1836	23866
1142	16027
2710	14440
1307	23215
2179	20804
294	18412
2091	20698
2249	13794
2317	20966
1175	19587
665	22451
183	14739
2222	13769
2003	24073
326	14956
2256	17427
543	11698
752	19043
907	22726
1651	16651
2340	20998
1359	23283
1630	16629
700	11900
1466	23404
868	19189
836	22660
1465	23402
1984	24050
1969	20543
525	22279
739	22557
2336	24480
2213	20840
1053	19415
2536	17787
2016	24080
2072	17204
1697	13045
2094	17226
2075	24146
372	18532
1004	22863
2104	13616
2497	21227
447	11560
2534	17786
1249	23130
1203	19609
51	14613
2720	24967
1775	23801
2403	14026
1952	17030
759	19058
989	22853
1616	12965
19	14577
1540	12871
1560	16550
2551	17812
2413	21112
1866	13261
1365	16309
163	14714
2300	24433
1413	12735
2649	24885
429	11537
2431	14059
2420	21126
2593	24829
295	18413
1369	23293
2125	17268
1923	13340
83	14641
2771	25041
2560	17820
187	14746
567	22332
1087	22956
2233	17401
623	18899
82	21694
1617	12968
2542	17796
589	11774
1094	22963
1518	16502
963	12220
2496	14168
2479	14144
1589	20072
897	12124
1951	13379
1545	23496
2390	21081
2341	13932
1894	20446
1696	20203
1577	23552
1716	13073
161	11158
69	21680
884	12111
934	19266
2353	17555
1357	19810
2082	13577
1908	13327
1509	19982
322	18456
2315	24448
1354	16296
217	14778
1434	23367
2008	20582
969	15817
2492	14162
697	15457
1745	23760
628	18902
38	18122
1522	12850
2685	21470
584	11768
14	18095
4	14560
2692	24937
2481	14149
1308	16236
1513	23452
547	15255
1967	20541
1318	12630
1874	16927
2199	24312
2592	24826
478	18702
705	18989
1080	15950
709	15480
1980	24044
2037	13504
338	18478
2083	24157
2780	21599
818	15611
309	21973
4210	30516
4280	32490
4190	32411
3756	28108
2970	27202
2941	25216
3302	31340
2903	25182
4341	26875
4010	28415
3923	28303
2810	28911
3992	30250
4346	30629
2844	25115
3591	31691
4063	32259
3691	31814
4377	32586
2926	27157
4249	32468
4069	30364
3701	28029
3195	29333
3720	29938
4101	30396
3176	25481
3339	27645
3172	31163
4151	32362
4363	28788
3557	31647
3408	25751
3814	31974
3668	31778
4168	32387
4282	32493
3243	31272
3078	29192
2958	29068
3359	31409
3016	27252
3855	26307
4138	26650
3640	26019
2863	30843
3435	29600
2859	30841
4146	26662
4392	30694
3599	25984
2857	30840
3978	26428
3280	29420
2971	29083
3565	31654
4098	32301
4315	32520
3608	25988
3118	29231
3242	25576
3767	26202
4291	30584
3012	29132
4428	26964
3394	29549
2784	25067
2987	29097
4336	28761
4299	28721
3903	28275
3452	29613
3306	25643
4402	28819
3448	27751
4208	28628
4132	32337
2891	30874
4307	30595
3369	31423
3261	29394
3797	31959
4005	30272
3171	31162
2986	27214
3763	31907
3258	25597
3426	27729
4081	26572
4184	26702
3159	27445
4450	26988
3351	25695
4008	32190
3908	26352
3987	28377
3991	26453
3624	27953
3035	27277
4229	30532
3106	29219
3160	27446
3411	29566
2854	30831
2787	30784
3139	29262
4034	32224
4153	28557
3290	27601
3612	29803
3343	25683
2826	30811
3362	25714
3745	29965
2790	30785
4209	28629
2828	27049
3298	29437
3592	31692
4433	32636
3754	31896
4253	26796
3815	31975
3154	31149
3496	31567
2840	30818
2811	27035
3563	25941
4355	28776
4113	32318
3432	31488
3642	26020
3332	27638
4065	28472
3366	31419
3553	31643
4385	28809
3131	27406
3968	32140
3337	29477
3761	29990
3638	31739
4270	26806
3015	29135
3161	25468
3491	31559
3055	31023
3075	27327
4003	32183
3027	25321
4207	32426
3952	30199
4250	30558
3965	32138
3847	26295
3330	29469
2818	30806
3434	25778
2946	27178
3002	27232
4212	26738
3155	25462
4178	26699
3863	32030
4233	28657
3778	31930
3009	25304
3018	29137
3895	28267
3371	29534
3651	31753
3511	31591
4109	32312
3416	29574
4352	26885
3577	29763
3145	25447
3008	30976
2821	28925
2945	25222
4442	26976
4429	28854
3230	25568
3379	25734
3594	29775
3731	26146
2781	28887
3554	31644
4380	30674
4117	30414
4425	28851
2850	27070
3147	27429
4086	30381
4180	32404
3457	31514
3712	29924
2972	29084
4281	28715
3263	27559
4276	28710
3869	32036
4314	26843
3583	29772
3551	25928
3796	28160
4078	30372
3313	25657
3361	29524
4312	26841
4225	28646
3149	27430
3524	29704
3680	29880
3315	25658
3922	30171
3063	25352
4353	30646
3424	27728
3219	31231
3678	31793
4454	28882
3410	29564
3579	25966
3312	29449
3232	31259
2839	25111
4135	32340
4152	26666
3129	29249
3982	28364
3473	25822
2882	30860
2860	27082
4188	30493
4222	28639
3627	31731
3152	25459
3884	26330
2866	30845
3144	29273
4112	30409
3957	30204
4265	30569
4333	26866
3486	25847
3950	32130
3535	29721
4448	28879
4251	28680
2800	28904
3151	27436
3909	32078
3916	26366
3575	29756
3218	25544
4169	30463
3186	31190
3150	29279
3534	27855
3688	26086
3005	29123
3246	25581
3748	28099
3000	29115
3319	31368
3340	25681
3540	31629
4115	26619
3958	28344
3530	29709
5069	37184
4620	36501
4652	36555
4507	34546
5292	35874
5478	37821
5424	39467
5248	33971
4552	32824
5442	39499
5404	36048
5277	34026
4598	36466
5264	37525
5354	39354
4870	38571
5148	35623
4555	36398
4480	37939
5480	39554
4548	36385
4665	33001
4761	33176
5284	39240
5301	35887
4943	38668
4478	36276
4856	35120
5237	33960
4869	35152
6135	41353
5566	40746
6271	41497
5623	43093
6518	41814
5550	39651
6378	41638
5718	40920
6024	43498
6466	40648
5573	40753
5622	39711
6002	43485
6532	44072
6661	45347
7063	46902
6675	45367
6990	44776
6593	45262
6730	46443
6626	46312
6653	47378
6769	47496
6744	47468
6614	44177
6714	45409
7200	45064
6654	44228
7109	45970
7145	44997
6759	44369
7101	47980
6641	45322
7037	44839
6858	45623
7158	48059
6793	44436
6889	46673
6891	46677
7043	45870
6657	45343
6651	46342
6782	45506
6957	46781
7213	48129
6927	45736
7167	46033
6565	46225
7035	46868
6802	47542
6560	44104
7103	46966
7293	47232
6861	44530
7205	47108
6955	45767
6590	46265
6687	46380
7180	46053
6803	47545
6920	44655
6857	44525
6649	47371
7940	49750
8282	50079
7497	51230
8226	50955
7557	50376
8091	50853
8294	51017
7423	49269
7371	48302
7657	51371
7929	51624
8246	50975
7319	48245
8349	54312
8467	55564
8970	52524
8706	54617
8629	53402
9577	54222
8661	54573
9004	52552
9453	56438
9069	56096
8702	53457
8828	55863
9468	54133
9136	56152
8968	52521
8697	54606
8892	55926
8432	55547
9170	52702
8931	53681
8518	54449
8452	54399
9296	53976
8356	53165
9263	56255
8823	53574
9484	53293
9362	52893
9526	53027
8793	52376
9047	54894
9264	53954
9332	55178
9466	55308
8868	54746
9294	56284
8484	52125
9575	56540
8596	55667
9648	53128
9563	54209
8865	54743
9349	54042
8354	54317
8474	55570
8692	54600
8842	54720
9001	53723
9470	55315
8901	53650
8820	54708
9253	56244
9366	56354
8731	52332
8922	52486
9123	53845
8534	53321
9576	53068
9009	56031
9183	53895
9092	56123
9420	52930
9241	53939
8454	52100
9139	52680
9237	55073
9017	52562
9481	55318
9231	56228
8951	53695
9467	54131
9186	55022
9167	56171
8650	52256
8369	52047
8689	55744
8881	55912
8438	54379
9214	53919
8683	54591
9133	56151
8463	52108
9446	56430
9529	56496
10421	57897
9879	58905
9739	58796
10056	56922
9805	56711
10524	57967
10181	59149
10103	58351
10321	58537
10316	59265
10372	59308
9823	56724
10132	58369
10328	58539
9951	57510
10249	57069
9854	58883
9717	56649
9660	58010
10459	58653
10231	57059
9930	57491
9932	58936
10099	58344
10429	59357
10492	57946
9848	56756
9976	58972
10448	59374
10164	56995
10441	58637
10484	58665
9845	56748
10267	57767
9830	58124
10095	58343
9721	58054
9916	56816
10237	57060
9708	56639
10546	57292
10242	59197
10438	57912
9707	58040
9912	58919
10044	57595
9774	57380
10332	59277
9667	56616
10253	57747
9855	58150
9989	57549
10116	57651
10361	57159
10804	60062
10928	59804
10603	59874
10798	60404
10794	59695
10656	60263
10853	60095
10844	60805
10828	59729
10747	60010
10965	59832
10724	59981
10613	59514
10845	60436
10698	60305
10730	59629
10835	60080
10974	59841
10893	59782
10909	59793
10737	60000
10710	60315
10703	60664
10566	60194
10569	59481
10813	60414
10865	60454
10771	60729
10670	59569
10714	60319
10894	60479
10891	59780
10902	60133
10702	59963
10789	60048
10958	59825
10801	60407
10843	60432
10911	60857
10715	59609
10820	59722
10858	60820
10690	59589
10567	59476
10728	60694
10962	59828
10803	60408
10943	60881
10959	60180
10873	60464
10905	60850
10818	60070
10880	60469
681	22478
234	11266
1225	23100
1776	16825
2192	13727
1491	16464
1397	16348
2291	24420
167	21790
1767	13154
1322	19763
1526	23467
2416	24604
896	22719
1811	20347
2316	20964
1348	12666
246	11277
2393	14009
2738	21547
2227	20855
219	11244
2012	17119
610	11800
15	21618
1331	19779
526	15225
1695	16719
304	18424
1724	13086
634	22417
1127	12418
602	18874
339	18479
627	15372
2409	17649
1168	16065
2370	13978
1741	23755
98	18197
1404	12730
2092	24177
2265	13814
84	21697
1166	19570
2073	20674
1169	23034
2188	20815
1170	19576
1140	23014
1970	17052
2739	14498
2058	24123
1624	23607
1528	20006
1150	19551
267	18376
1005	19359
2146	17291
1303	23210
1165	19569
615	18890
2442	24631
1033	12318
1101	12390
1717	13078
2061	13544
2606	21360
151	18239
903	15712
2733	21539
337	14972
2006	17111
2516	17770
2217	24332
437	18628
253	21888
862	12082
1920	23978
835	15628
488	22235
1161	19562
1529	23470
918	15732
369	15018
1948	17024
406	15084
2553	24772
1855	16900
1437	16388
1893	20444
1757	13142
1363	19816
1846	16892
1059	12349
1523	23460
1136	12437
440	22159
2432	24616
780	19085
1737	20253
890	22712
2522	14194
2278	13834
743	11950
1604	23589
63	14627
2627	24872
266	18372
844	19159
2308	17498
354	22019
529	15237
1154	16040
2706	24944
1719	13080
1214	16100
1440	19898
1452	16408
517	15211
776	11997
1114	22987
771	19069
2526	21248
1389	23319
1338	23254
1146	16029
2730	14487
659	11853
1427	16379
1595	23574
671	22462
961	19298
520	11676
1254	12563
348	18497
2225	20854
2634	24878
1498	12827
2081	13575
1439	16389
468	15154
1109	15989
353	14992
102	21714
4080	28487
3738	26157
3926	26375
2989	30950
3786	28146
3945	26397
4439	32641
3686	29891
4155	28560
4354	32564
3871	30128
2890	25173
3294	31334
3250	31282
3812	30058
3479	29642
3858	28229
3212	25540
4166	32379
3039	27284
2998	27226
4272	32488
3189	27473
3779	30017
4412	30717
4075	28483
3403	25749
3251	29375
3262	27558
3324	29463
3825	30067
3103	27362
3574	25955
4343	30627
4418	30728
3044	27289
3783	31941
3112	29226
3878	26324
4158	30453
4427	26963
4064	32260
2977	29087
3387	31438
3509	29688
3028	30999
3517	27840
3382	31434
3309	29447
2923	25199
4320	28739
3128	29248
3661	31771
4836	36836
5517	34436
4605	38154
4890	35185
5426	36084
5347	34151
4814	35037
5523	39617
4701	34843
5217	37444
4785	36774
5209	39123
4923	38637
5243	39180
5496	39578
4843	36847
4648	38196
4613	36490
4497	32719
4817	38480
4573	36433
4730	33124
4547	32811
4913	35221
5214	35759
5254	33981
4918	35235
5163	33815
4982	37063
4975	37045
5406	39433
4716	36653
5195	35718
5186	35706
4591	32887
4742	34903
5407	34263
4883	35174
5207	37421
4616	36496
5030	38814
4907	38613
5332	37612
4494	37968
5130	38969
5417	36072
5020	37115
4513	37995
5416	37747
5343	34144
5459	36135
5014	38795
4932	35258
5529	39620
4492	34532
5055	35480
5508	36216
4490	36296
5164	33831
4735	36674
4922	36969
5361	37657
5185	35702
4627	34734
4939	38659
5047	33642
4496	37974
5240	37487
4973	35314
4940	35262
5369	34196
5408	34265
4645	32972
4827	33312
5438	34307
4950	35283
4930	36978
4738	36678
5278	39234
4635	34749
5481	34364
5122	35597
4807	35025
5294	35875
4571	36427
4667	38221
4560	36407
5457	36132
4799	38456
4508	34550
5251	35822
5397	34238
5270	34011
4465	34479
5516	36231
5484	36170
4516	36331
5258	33997
4754	36704
5447	36119
5156	39004
5154	37328
5044	35459
4845	33341
5008	35379
4498	32721
4743	36682
5509	34419
5337	34132
5027	33605
4862	35135
5371	37670
5081	38906
4871	38574
5052	35473
4527	32772
5414	36070
4489	37957
5322	35928
4523	36346
6402	42823
6100	40249
5973	43461
6488	44022
6210	42607
6410	42833
5756	42079
6272	43781
5998	40145
6028	40165
5578	43042
6118	43600
5603	43071
6327	43844
5740	39822
6475	41748
6239	42634
6481	41756
6543	44087
5924	41127
6036	43512
5981	42352
5905	40013
6457	41721
6450	40629
6214	43716
6469	42902
5736	40939
5538	41848
6230	43733
5719	42028
6536	42995
6183	42583
5850	41055
6379	42804
5725	43193
5773	43231
6354	42776
5601	41893
5971	41176
6298	41543
6286	40469
6237	42632
5770	39859
5994	42371
5909	43380
5855	41057
5908	41112
6337	42754
6435	40607
5714	39797
6423	40594
5887	39989
6493	41780
5577	41866
5674	40869
5633	43099
5932	40054
5953	42316
5728	40932
6416	43941
6540	41831
6377	40555
6496	40686
7036	47879
6908	47689
7189	47086
6941	45748
7696	51407
7326	49157
9619	53103
9225	55059
9492	52996
9151	54994
10407	57885
9762	56680
9803	58105
9756	57370
9937	56821
10247	59201
9695	58759
10031	57584
10304	59254
10210	57041
10691	60654
713	18997
1096	15971
641	15401
1040	15896
1500	12828
651	11845
1912	16986
2736	21544
2255	20890
1930	13349
711	22521
1217	12523
2775	18072
2568	21301
2441	21142
811	19121
22	14583
1600	12947
4306	30594
4093	32295
2907	30893
4321	30606
2953	30925
4956	33520
4604	38150
7210	46094
7842	48702
8006	50770
8153	48994
7817	50594
9269	56260
8791	54688
2673	21445
911	22730
2131	24217
685	22482
121	21740
1152	16036
1686	13032
568	15278
1110	19505
643	22432
2531	21253
1309	19735
2425	14055
1725	20230
1788	16836
825	22647
2741	21549
715	11922
1966	17046
2734	24992
499	22252
1185	12495
494	15182
1685	13030
1370	16313
265	21905
1960	13396
590	15326
1549	20026
2583	17860
2049	20642
3234	29358
3316	27622
4186	32407
4833	33316
4621	38166
5023	38806
5783	39881
6202	42605
6438	43966
6159	43652
6139	40304
6376	43891
6082	43559
6401	42820
5632	39720
5897	41097
6388	40563
5752	43214
7163	46023
7181	48091
6781	45503
6695	47428
6996	44788
7057	46891
7290	45181
6747	44354
7027	44827
6837	46586
7083	47936
7215	47134
6788	47522
6929	44681
6667	46358
6924	46734
6804	47546
6933	46745
6840	44504
6906	44626
6709	47436
7261	48186
7134	44979
6570	45229
6946	47750
6950	47760
7072	44896
7147	46010
7288	48220
6698	45389
6625	46310
6628	46316
6985	45797
6676	46365
6952	45765
6828	46577
7116	47996
6586	46258
7050	44861
6871	44551
6778	45500
6830	45573
7229	45112
7268	48192
6822	47565
6553	47247
6630	46318
6620	47337
6942	47744
6694	44286
6600	47320
7039	45868
6655	46347
6598	45271
6722	45418
6835	44492
7038	45866
6605	44163
7162	47050
7184	48096
6844	46588
6979	47793
6621	46307
7071	44894
6887	45674
7283	47221
6975	46807
6845	44509
7185	48098
6645	47364
6564	47274
6643	44217
7199	48110
6821	44473
7068	45911
6855	44518
6825	46574
7904	49716
8307	50102
7788	48646
7910	48787
8141	48982
8067	50822
8218	50950
7978	48854
7648	49463
7501	50318
7623	48516
7908	50691
8055	50807
7739	51443
7937	50717
8188	50925
8120	51829
7678	50477
8063	50819
7892	48770
7543	48456
7884	48761
7408	49249
8298	51024
8018	50785
7431	50245
7405	48335
7967	51661
8259	50045
7726	50515
7549	49381
8016	51709
7529	48443
7806	51517
7671	50467
7387	51134
7578	50395
7618	48508
7372	51113
8300	50095
7957	48838
8020	49837
7881	48753
7869	50657
7317	49146
7626	48522
7375	50185
7318	51059
7493	51225
8297	51022
7588	48492
7655	49469
7714	50502
8033	49847
7751	48609
8013	51707
7616	49442
7628	51353
7798	50578
8134	49949
7600	51334
8247	50976
8231	50960
7415	51163
7354	50161
8012	49827
8027	49844
8159	49964
7344	50149
7711	49518
7923	48801
7702	48579
7388	51136
8112	50872
8010	50773
8022	51714
7517	51244
7622	48515
7756	50539
7320	51061
7959	51658
7718	51428
7466	51206
7920	50697
7599	49427
7691	49501
7494	51226
8156	50896
7709	49515
8270	50062
7432	48363
8100	49924
8232	49066
8146	50886
7661	50457
7351	48282
7792	48649
7507	49340
7753	50529
8185	49030
7603	49430
8200	49994
7730	48591
7658	51372
7567	51306
7961	48842
7838	50623
7736	50521
7433	48364
7916	51609
8025	48886
7364	50174
7862	48737
7964	49776
7706	48581
7928	48808
7459	49310
9310	55138
8319	53139
8851	54733
8499	55587
8594	55666
8376	55503
9627	56574
9161	55000
9159	54998
9539	55356
9364	55212
9404	52920
9431	52945
8434	54375
9586	55388
8852	55892
8758	53518
9235	52765
9565	54210
8496	55585
9598	55402
9615	53099
9629	56578
8829	55864
9033	53749
8591	54516
9230	52763
8740	55794
9513	53015
9085	56119
9061	54917
8544	53329
8616	53388
8914	53658
9541	54190
8886	55920
8346	52018
9066	56089
8472	55568
9365	56350
8600	52218
9521	56491
8404	52074
8888	52457
9220	55055
10290	58509
10306	57800
9921	57487
9968	56852
10083	59057
10564	59845
10933	60160
2572	21304
2365	17568
50	18132
2186	13723
1873	23908
361	15000
2323	17515
2814	25091
4303	26835
4284	26816